;date;all_vessel;gear_vessel
0;2023-01-02;17;17.0
1;2023-01-03;9;9.0
2;2023-01-04;16;16.0
3;2023-01-05;26;26.0
4;2023-01-06;11;11.0
5;2023-01-08;11;11.0
6;2023-01-10;55;44.0
7;2023-01-11;42;42.0
8;2023-01-12;55;55.0
9;2023-01-13;48;48.0
10;2023-01-14;1;1.0
11;2023-01-15;9;9.0
12;2023-01-16;11;11.0
13;2023-01-17;70;70.0
14;2023-01-18;96;96.0
15;2023-01-19;14;14.0
16;2023-01-20;4;3.0
17;2023-01-24;9;9.0
18;2023-01-25;13;9.0
19;2023-01-28;1;0.0
20;2023-01-30;74;60.0
21;2023-01-31;44;44.0
22;2023-02-01;50;50.0
23;2023-02-02;59;51.0
24;2023-02-03;52;52.0
25;2023-02-04;32;1.0
26;2023-02-05;5;5.0
27;2023-02-06;9;9.0
28;2023-02-07;4;1.0
29;2023-02-09;2;0.0
30;2023-02-13;55;55.0
31;2023-02-14;45;23.0
32;2023-02-15;51;51.0
33;2023-02-16;42;42.0
34;2023-02-17;20;20.0
35;2023-02-19;10;10.0
36;2023-02-20;38;38.0
37;2023-02-21;16;16.0
38;2023-02-22;10;10.0
39;2023-02-23;22;22.0
40;2023-02-24;4;4.0
41;2023-02-27;4;0.0
42;2023-03-06;11;8.0
43;2023-03-07;11;11.0
44;2023-03-08;7;7.0
45;2023-03-09;1;1.0
46;2023-03-10;8;8.0
47;2023-03-11;15;0.0
48;2023-03-13;9;9.0
49;2023-03-15;9;9.0
50;2023-03-16;37;12.0
51;2023-03-17;7;7.0
52;2023-03-19;10;0.0
53;2023-03-20;10;10.0
54;2023-03-21;41;9.0
55;2023-03-22;2;2.0
56;2023-03-23;9;9.0
57;2023-03-24;13;7.0
58;2023-03-27;2;2.0
59;2023-03-29;21;8.0
60;2023-03-31;7;7.0
61;2023-04-01;2;2.0
62;2023-04-03;5;0.0
63;2023-04-05;31;0.0
64;2023-04-06;3;3.0
65;2023-04-07;4;4.0
66;2023-04-08;19;0.0
67;2023-04-10;41;0.0
68;2023-04-11;1;1.0
69;2023-04-12;1;1.0
70;2023-04-15;7;0.0
71;2023-04-17;5;5.0
72;2023-04-18;6;1.0
73;2023-04-20;1;1.0
74;2023-04-21;8;8.0
75;2023-04-23;10;4.0
76;2023-04-24;5;5.0
77;2023-04-25;4;4.0
78;2023-04-26;8;8.0
79;2023-04-27;19;19.0
80;2023-04-28;8;8.0
81;2023-04-29;1;1.0
82;2023-04-30;23;0.0
83;2023-05-02;2;2.0
84;2023-05-03;11;10.0
85;2023-05-04;20;20.0
86;2023-05-05;89;12.0
87;2023-05-06;6;6.0
88;2023-05-07;9;9.0
89;2023-05-08;20;20.0
90;2023-05-09;3;3.0
91;2023-05-10;24;24.0
92;2023-05-11;3;3.0
93;2023-05-12;21;21.0
94;2023-05-13;4;4.0
95;2023-05-14;3;3.0
96;2023-05-15;90;38.0
97;2023-05-18;4;0.0
98;2023-05-19;2;2.0
99;2023-05-20;6;6.0
100;2023-05-21;12;12.0
101;2023-05-22;59;59.0
102;2023-05-23;50;33.0
103;2023-05-24;63;63.0
104;2023-05-25;81;44.0
105;2023-05-26;24;24.0
106;2023-05-27;3;3.0
107;2023-05-28;49;11.0
108;2023-05-29;26;26.0
109;2023-05-30;55;29.0
110;2023-05-31;34;34.0
111;2023-06-01;52;52.0
112;2023-06-02;57;20.0
113;2023-06-03;17;17.0
114;2023-06-04;74;11.0
115;2023-06-05;64;64.0
116;2023-06-06;44;44.0
117;2023-06-07;76;57.0
118;2023-06-08;61;61.0
119;2023-06-09;107;37.0
120;2023-06-10;11;11.0
121;2023-06-11;11;11.0
122;2023-06-12;56;44.0
123;2023-06-13;40;40.0
124;2023-06-14;73;40.0
125;2023-06-15;57;57.0
126;2023-06-16;35;35.0
127;2023-06-17;48;12.0
128;2023-06-18;4;4.0
129;2023-06-19;128;74.0
130;2023-06-20;40;40.0
131;2023-06-21;45;45.0
132;2023-06-22;85;70.0
133;2023-06-23;32;32.0
134;2023-06-24;108;6.0
135;2023-06-25;18;18.0
136;2023-06-26;56;56.0
137;2023-06-27;54;52.0
138;2023-06-28;40;40.0
139;2023-06-29;123;70.0
140;2023-06-30;39;39.0
141;2023-07-01;6;6.0
142;2023-07-02;62;21.0
143;2023-07-03;43;43.0
144;2023-07-04;71;20.0
145;2023-07-05;47;47.0
146;2023-07-06;44;44.0
147;2023-07-07;53;32.0
148;2023-07-08;15;15.0
149;2023-07-09;341;20.0
150;2023-07-10;46;46.0
151;2023-07-11;38;38.0
152;2023-07-12;33;33.0
153;2023-07-13;20;20.0
154;2023-07-14;83;24.0
155;2023-07-15;16;16.0
156;2023-07-16;12;12.0
157;2023-07-17;71;48.0
158;2023-07-18;36;36.0
159;2023-07-19;39;35.0
160;2023-07-20;21;21.0
161;2023-07-21;16;16.0
162;2023-07-22;11;9.0
163;2023-07-23;14;14.0
164;2023-07-24;24;24.0
165;2023-07-25;18;18.0
166;2023-07-26;18;18.0
167;2023-07-27;50;33.0
168;2023-07-28;25;25.0
169;2023-07-29;92;12.0
170;2023-07-30;9;9.0
171;2023-07-31;27;27.0
172;2023-08-01;15;15.0
173;2023-08-02;10;10.0
174;2023-08-03;16;16.0
175;2023-08-04;1;1.0
176;2023-08-05;1;1.0
177;2023-08-06;11;2.0
178;2023-08-07;8;8.0
179;2023-08-08;41;21.0
180;2023-08-09;30;30.0
181;2023-08-10;23;23.0
182;2023-08-11;24;24.0
183;2023-08-12;12;12.0
184;2023-08-13;401;12.0
185;2023-08-14;6;6.0
186;2023-08-15;22;22.0
187;2023-08-16;113;24.0
188;2023-08-17;31;31.0
189;2023-08-18;157;17.0
190;2023-08-19;12;12.0
191;2023-08-20;3;1.0
192;2023-08-21;119;17.0
193;2023-08-22;28;28.0
194;2023-08-23;162;38.0
195;2023-08-24;32;30.0
196;2023-08-25;19;19.0
197;2023-08-26;234;15.0
198;2023-08-27;10;10.0
199;2023-08-28;3;3.0
200;2023-08-29;1;1.0
201;2023-08-31;49;24.0
202;2023-09-01;22;22.0
203;2023-09-02;351;17.0
204;2023-09-03;4;4.0
205;2023-09-04;2;2.0
206;2023-09-05;7;1.0
207;2023-09-06;2;2.0
208;2023-09-07;70;8.0
209;2023-09-08;17;17.0
210;2023-09-09;4;4.0
211;2023-09-10;360;18.0
212;2023-09-11;53;53.0
213;2023-09-12;89;38.0
214;2023-09-13;43;43.0
215;2023-09-14;19;19.0
216;2023-09-15;11;8.0
217;2023-09-16;15;15.0
218;2023-09-17;69;17.0
219;2023-09-18;46;46.0
220;2023-09-19;29;29.0
221;2023-09-20;64;51.0
222;2023-09-21;26;26.0
223;2023-09-22;3;1.0
224;2023-09-23;11;11.0
225;2023-09-24;8;8.0
226;2023-09-25;31;13.0
227;2023-09-26;20;20.0
228;2023-09-27;49;23.0
229;2023-09-28;48;48.0
230;2023-09-29;15;15.0
231;2023-09-30;39;19.0
232;2023-10-01;26;26.0
233;2023-10-02;126;59.0
234;2023-10-03;43;43.0
235;2023-10-04;39;39.0
236;2023-10-05;64;20.0
237;2023-10-06;26;26.0
238;2023-10-07;344;13.0
239;2023-10-08;23;23.0
240;2023-10-09;49;49.0
241;2023-10-10;45;44.0
242;2023-10-11;56;56.0
243;2023-10-12;47;46.0
244;2023-10-13;11;11.0
245;2023-10-14;2;2.0
246;2023-10-15;4;3.0
247;2023-10-16;35;35.0
248;2023-10-17;55;35.0
249;2023-10-18;72;72.0
250;2023-10-19;33;33.0
251;2023-10-20;8;8.0
252;2023-10-21;5;5.0
253;2023-10-22;41;15.0
254;2023-10-23;67;67.0
255;2023-10-24;18;18.0
256;2023-10-25;10;10.0
257;2023-10-26;36;36.0
258;2023-10-28;2;2.0
259;2023-10-29;3;3.0
260;2023-10-30;22;22.0
261;2023-11-01;36;28.0
262;2023-11-02;16;16.0
263;2023-11-04;20;2.0
264;2023-11-05;2;2.0
265;2023-11-06;68;68.0
266;2023-11-07;47;47.0
267;2023-11-08;61;61.0
268;2023-11-09;86;85.0
269;2023-11-10;20;20.0
270;2023-11-11;72;8.0
271;2023-11-12;13;13.0
272;2023-11-13;84;84.0
273;2023-11-14;85;85.0
274;2023-11-15;57;57.0
275;2023-11-16;84;84.0
276;2023-11-17;22;22.0
277;2023-11-18;17;15.0
278;2023-11-19;16;16.0
279;2023-11-20;82;82.0
280;2023-11-21;21;21.0
281;2023-11-23;19;19.0
282;2023-11-24;68;67.0
283;2023-11-26;84;6.0
284;2023-11-27;83;83.0
285;2023-11-28;62;62.0
286;2023-11-29;82;57.0
287;2023-11-30;28;28.0
288;2023-12-01;7;7.0
289;2023-12-02;2;2.0
290;2023-12-03;2;2.0
291;2023-12-04;64;64.0
292;2023-12-05;58;58.0
293;2023-12-06;28;27.0
294;2023-12-07;59;59.0
295;2023-12-08;9;9.0
296;2023-12-09;41;4.0
297;2023-12-10;8;8.0
298;2023-12-11;55;55.0
299;2023-12-12;60;60.0
300;2023-12-13;52;52.0
301;2023-12-14;62;54.0
302;2023-12-15;12;12.0
303;2023-12-16;20;1.0
304;2023-12-17;15;15.0
305;2023-12-18;60;60.0
306;2023-12-19;121;86.0
307;2023-12-20;76;76.0
308;2023-12-21;75;63.0
309;2023-12-22;37;37.0
310;2023-12-23;15;15.0
311;2023-12-24;8;5.0
312;2023-12-26;6;6.0
313;2023-12-27;30;30.0
314;2023-12-28;48;48.0
315;2023-12-29;48;48.0
316;2023-12-30;17;17.0
