;time;chl;diatoC;diatoChla;dinoC;dinoChla;nanoC;nanoChla;phyc;picoC;picoChla;zooc;bottomT;thetao
0;2022-10-01;0.2494345038321995;;0.0226194789637188;0.2275646250975056;0.0073407584089342;;0.0759039251111111;0.8793547719501134;8.172364280498867;0.1435703412879818;1.4443703419501135;;
1;2022-10-02;0.2288376313832199;;0.0208409575487528;0.2029413312403628;0.0065208969857142;;0.0694211156235827;0.8019176925396826;7.46163983877551;0.1320546618503401;1.4079939551020406;;
2;2022-10-03;0.556022504489796;;0.053129903877551;0.5434386782040816;0.017094194030839;;0.169186209723356;1.9537414014512475;17.986115960770974;0.3166121976371882;1.4126587185941044;;
3;2022-10-04;0.7283386746031746;;0.0749172521145124;0.7755954627619047;0.0250220889353741;;0.2208744920045351;2.4930082542630383;22.70777901292517;0.4075248458276644;1.6486643242630383;;
4;2022-10-05;0.5639059326984127;;0.0621903388435374;0.6519496734988662;0.0214210639210884;;0.1718970604421768;1.88566184154195;16.930837494331065;0.3083974690249433;1.7768357793650793;;
5;2022-10-06;0.4602750460770974;;0.0529165803253968;0.5593754464603174;0.0185752530013605;;0.1404232803265306;1.5120007665986397;13.454603606349206;0.248359933356009;1.7868209925170069;;
6;2022-10-07;0.3900132325170068;;0.0455431660340136;0.4814927841995465;0.0160251794294784;;0.1183605153968254;1.2700879863945578;11.278271544897958;0.2100843724036281;1.7381394882086167;;
7;2022-10-08;0.3382079158276644;;0.0393883004331065;0.4100801377142857;0.0136430731138322;;0.101731996154195;1.0970334440816327;9.77649984126984;0.1834445470544217;1.6712578494331067;;
8;2022-10-09;0.2982264043537415;;0.0342173738378684;0.3458445280136055;0.0115344037353741;;0.0886914673537414;0.9628986420408164;8.647929949659865;0.1637831608503401;1.60284446553288;;
9;2022-10-10;0.5401307461224489;;0.0628211480170068;0.6636177731405897;0.0219614477194104;;0.1586595735759637;1.7478169741269842;15.662972266666667;0.2966885766077098;1.572307663265306;;
10;2022-10-11;0.6658096914739229;;0.080650755;0.8804329903786847;0.0297538564441269;;0.1936987364897959;2.122001915487528;18.87324927505669;0.3617063432403627;1.727606324489796;;
11;2022-10-12;0.5264770147845805;;0.0655766293752834;0.7256752438934241;0.0249600145544217;;0.1527368396984127;1.6567724665306125;14.642188769387756;0.2832035306213152;1.7909441950113378;;
12;2022-10-13;0.426708630770975;;0.0533707236428571;0.5912305831723356;0.0205225786135374;;0.1230777409455782;1.3365819513378685;11.815353231519277;0.2297375876190476;1.756104698185941;;
13;2022-10-14;0.3586644790249433;;0.0443338325045351;0.4894149001814059;0.0169676238750566;;0.1025217194875283;1.1295670901587302;10.033669418820862;0.1948413056485261;1.6912817582766442;;
14;2022-10-15;0.3114421119047619;;0.037808336255102;0.4123581570997732;0.0142424643222222;;0.0881719948367346;0.9859625943764172;8.818910556689342;0.171219317956916;1.6223799557823129;;
15;2022-10-16;0.2785668365532879;;0.0331632083786848;0.3577753570340136;0.0122360826623582;;0.0782344241088435;0.8892287210657597;8.006064673922902;0.1549331218662131;1.5652797158730158;;
16;2022-10-17;0.5137255481632653;;0.061255433286848;0.6843764239297052;0.0228739995206349;;0.1439720943514739;1.6705446480498864;15.00808085102041;0.285624019015873;1.547735244217687;;
17;2022-10-18;0.6550397428571428;;0.0802622683106576;0.9080093286666666;0.0308276769623582;;0.1834935294897959;2.105120902131519;18.796362316326533;0.3604562697052154;1.6735680009070295;;
18;2022-10-19;0.542422561632653;;0.0679234280680272;0.7710283673718821;0.0264671910380952;;0.1527376864897959;1.7271464420181406;15.319975704081632;0.2952942571882086;1.7471599512471656;;
19;2022-10-20;0.4559577304081633;;0.0574240961428571;0.6456175829569162;0.0223486024852607;;0.1286958883537415;1.4397778751247166;12.75376884988662;0.247489143015873;1.7427936222222222;;
20;2022-10-21;0.3906906146031745;;0.0488615359138322;0.537965236505669;0.0187472537111111;;0.1101226389637188;1.2241764473469388;10.880759734693877;0.2129591875510204;1.69848036122449;;
21;2022-10-22;0.3428629794331065;;0.0424037965895691;0.4567940709954648;0.0159489820439909;;0.0963965775124716;1.0695941548072565;9.550920423809524;0.1881136222222222;1.6440499918367348;;
22;2022-10-23;0.3080586144671202;;0.0374590225192743;0.3947615856598639;0.0137521702117913;;0.0862207847120181;0.9607031685941044;8.631582961678005;0.1706266366507936;1.5988441210884354;;
23;2022-10-24;0.7072524158730159;;0.0856331674557823;0.9151759525396824;0.0315167634004535;;0.1972266477346938;2.223297116099773;19.994708829931973;0.3928758388888889;1.6087111725623582;;
24;2022-10-25;0.939005607414966;;0.1176309382653061;1.2664340755328798;0.0447259491292517;;0.2612249111564625;2.880432870294785;25.73390436961451;0.5154238090022676;1.87176835170068;;
25;2022-10-26;0.7471357462358277;;0.0970464506689342;1.05870373861678;0.0380547221412698;;0.2093054079886621;2.2439381052154195;19.82392983106576;0.4027291643310657;2.028479527210884;;
26;2022-10-27;0.613442722585034;;0.081269326;0.8985734647165533;0.0325219992768707;;0.1725704931133787;1.821557182086168;15.973590625850338;0.3270809017687074;2.0559652709750567;;
27;2022-10-28;0.5172233140362812;;0.0687518574535147;0.7667516840136055;0.0277062631929705;;0.1452978771473923;1.5312107641723356;13.403621505668934;0.2754673168027211;2.0031904090702946;;
28;2022-10-29;0.4459148554648526;;0.0587505533650793;0.6579472874376417;0.0235542053306122;;0.1246605045192743;1.3258345594104308;11.63476338548753;0.2389495921088435;1.9167688569161;;
29;2022-10-30;0.3916337035600907;;0.0507833195328798;0.5660621334693877;0.0200518486975056;;0.1087187586893424;1.1705605722675736;10.328872599773243;0.2120797770294784;1.8229813929705216;;
30;2022-10-31;0.6846464982539683;;0.0885156814648526;1.0688255427891156;0.0366136944988662;;0.1880278416848072;2.1043617289115644;18.52762655782313;0.3714892782993197;1.7786076857142856;;
31;2022-11-01;0.8396487952154195;;0.1108958648117913;1.400813291020408;0.0484013904002267;;0.2278840716553287;2.557637015873016;22.405240624716555;0.4524674643764172;1.9333081408163264;20.447930967741936;20.01428359637188
32;2022-11-02;0.6729601037641724;;0.0904645223378684;1.1702946912244898;0.040741077185941;;0.1821745851791383;2.020088044988662;17.58819820181406;0.3595799214058957;1.9962033866213151;20.456093903225806;20.003528371882084
33;2022-11-03;0.555962563106576;;0.0750505435510204;0.9794816285941044;0.0342160627312925;;0.1502274307596372;1.6514709344217688;14.351188047619049;0.2964685276417233;1.9596124154195007;20.476040225806454;19.985891249433102
34;2022-11-04;0.4730887558956916;;0.0636265296598639;0.8272007145351474;0.0290215022789115;;0.1276687320068027;1.3982094888888887;12.17017133786848;0.2527719917460317;1.8714733505668932;20.392068403225807;19.867065206349206
35;2022-11-05;0.4197752450340136;;0.0559039527505669;0.7211484077097506;0.025363875170068;;0.1130095161133786;1.241917170181406;10.855512141723356;0.2254979015873015;1.8050635106575963;20.09198141935484;19.60123173015873
36;2022-11-06;0.3791241855102041;;0.0495316059297052;0.6308089167346939;0.0220673396984127;;0.1016981924739229;1.1314646773469388;9.9591856553288;0.2058270470068027;1.743478952154195;19.835288774193547;19.304439480725623
37;2022-11-07;0.7320616314965986;;0.0938627378390022;1.2099694621768706;0.0413289308231292;;0.1960871081405895;2.2405113825396823;19.80244187414966;0.4007828544671202;1.7273153356009072;19.568756548387096;19.103910605442177
38;2022-11-08;0.9376935023129253;;0.1225301171995465;1.585175358276644;0.055123817585034;;0.2506597030839002;2.8268575340136053;24.89091358276644;0.5093798649886621;1.9163716002267568;19.41151498387097;18.982974541950117
39;2022-11-09;0.7681818672562358;;0.1028268018072562;1.3255817924263038;0.0470005191768707;;0.2065124786394558;2.267761121768708;19.83007702040816;0.4118420670068027;2.033846531292517;19.321190096774192;18.899198721088432
40;2022-11-10;0.6406460695464852;;0.0868229656938775;1.0995013186621314;0.0396582076802721;;0.1728947424716553;1.854895793197279;16.175108383219957;0.3412701544444444;2.042341092517007;19.28004837096774;18.862469519274377
41;2022-11-11;0.5472407219727891;;0.0741671552879818;0.912213891882086;0.0332983253390022;;0.1477334640544217;1.5636507088435376;13.664064900226755;0.2920417769387755;1.988501483446712;19.189325435483877;18.73946851020408
42;2022-11-12;0.4794031674603174;;0.0644718982857142;0.7681992483900226;0.0281812984331065;;0.1291504665034013;1.3616921333333334;11.957314325396826;0.2575995036281179;1.9166948927437644;19.046767693548382;18.622274947845806
43;2022-11-13;0.4236989405442177;;0.0559696781179138;0.6171757677029479;0.0226838229993197;;0.1136491007052154;1.198885626122449;10.637421869614512;0.2313963396145124;1.8206881603174605;18.62138935483871;18.37014409297052
44;2022-11-14;0.6937108930385487;;0.0903301529024943;0.919231205489796;0.0335602477512471;;0.1854014285941043;1.9674605671201812;17.610125277777776;0.3844190659183673;1.7487094755102042;18.16174122580645;18.107902621315198
45;2022-11-15;0.8563054023809523;;0.1132014253673469;1.1409921072811793;0.042178475970068;;0.2285532001814058;2.4026263882086165;21.461584268707483;0.4723723027210884;1.8380940984126983;18.05551337096774;17.963378736961452
46;2022-11-16;0.7118660986167801;;0.0955845116780045;0.9469050282789117;0.0353252035614512;;0.1908208344217687;1.979601546712018;17.6219172585034;0.3901355480272109;1.8731831680272109;18.03850229032258;17.873168260770974
47;2022-11-17;0.6047876756009071;;0.0818116109795918;0.7833864742018141;0.0294418695104308;;0.1625918092562358;1.6701174580498863;14.859335603174603;0.3309423870294785;1.8550621038548756;18.052115129032256;17.811597852607708
48;2022-11-18;0.5251241160544218;;0.0709982509841269;0.6621769280362813;0.0248703996088435;;0.1413711434852607;1.4512796820861678;12.924777916099773;0.2878843217687075;1.8062403287981856;18.03469838709677;17.746043684807255
49;2022-11-19;0.4610384519954649;;0.0618634935827664;0.5449181056689343;0.0204592776503401;;0.1239542620521542;1.2753786787301589;11.413672541950111;0.2547614185260771;1.7354088319727892;17.86608158064516;17.599995825396825
50;2022-11-20;0.4143987653514739;;0.0550191998276644;0.4526867917596371;0.016986224092517;;0.1110069575283446;1.1475257922222222;10.336734071655329;0.2313863838095238;1.6772594494331066;17.195407177419355;17.194723149659865
51;2022-11-21;0.6363331553968253;;0.0837232835011338;0.6813226453560091;0.0250425515961451;;0.1703788946916099;1.791902216553288;16.16885413605442;0.3571884240362811;1.64477907845805;16.892076048387096;16.898688782312927
52;2022-11-22;0.7637620295464853;;0.1014417596780045;0.7749318812517008;0.0288270552424036;;0.2042411995464852;2.1292080145124714;19.24705794671202;0.4292520148072562;1.661848303628118;16.624683451612903;16.659060884353742
53;2022-11-23;0.668095386122449;;0.0898084003945578;0.6456292425759638;0.0242952294736961;;0.1791685314512471;1.842520885941043;16.660055752834467;0.3748232263265306;1.7060072317460315;16.24198606451613;16.265268833333334
54;2022-11-24;0.605198100430839;;0.0820820629274376;0.5806887583809524;0.0218401231183673;;0.1631443655328798;1.6689069716553286;15.056011628117911;0.3381315496825396;1.755136253968254;16.081237080645163;16.085150034013605
55;2022-11-25;0.5460930557596372;;0.0743702087845805;0.5025388539047619;0.0189052526365079;;0.1476834778140589;1.504886242403628;13.580520639455782;0.305134113786848;1.7648517922902496;15.97856462903226;15.979397401360544
56;2022-11-26;0.4960272570068027;;0.0677179192222222;0.4430561795011337;0.0166929792294784;;0.1343694128004535;1.366240648526077;12.338730480725625;0.2772469461904762;1.753408885260771;15.82219912903226;15.812913206349206
57;2022-11-27;0.4543746935147392;;0.0618914898367346;0.4026682581179138;0.0149979912970521;;0.1234165619523809;1.264905991043084;11.421801603174602;0.2540686495011338;1.7262546816326532;15.541701806451616;15.530659199546484
58;2022-11-28;0.681690884058957;;0.0927230939002267;0.5970866464376418;0.021927558610204;;0.1857910251247165;1.9245773564625848;17.376171513605442;0.3812492039229025;1.6954678480725625;15.259973137096772;15.296238184807256
59;2022-11-29;0.8235764380272109;;0.1133885223605442;0.6808038716145125;0.0253658346975056;;0.224036234217687;2.292938652154195;20.742869265306123;0.4607858480952381;1.732435522222222;14.949243241935484;15.0288414138322
60;2022-11-30;0.7062221746031746;;0.0980502495804988;0.5332829765133786;0.0200829098811791;;0.1922121792970521;1.9317666213151927;17.523781074829934;0.395876836462585;1.7294153886621315;14.63488931451613;14.758914312925173
61;2022-12-01;0.6253542248526077;;0.0869713844331065;0.4438750192784808;0.0167959771801541;;0.1710316714512471;1.6901317628117911;15.352092210884354;0.3505551906349206;1.7069994659863943;14.343251096774194;14.471224157596373
62;2022-12-02;0.5628878255328797;;0.0779419926394557;0.3771245617996598;0.0143089072217233;;0.1550922483446712;1.508638330839002;13.718022217687077;0.3155446758049887;1.6674704723356009;14.193463137096774;14.322477302721088
63;2022-12-03;0.5127819608616779;;0.0703104202562358;0.3192061358638776;0.0121558294480634;;0.1423637219682539;1.363783817687075;12.424339160997732;0.2879519899546485;1.6216271795918369;14.10379295967742;14.245462934240363
64;2022-12-04;0.4682529246031746;;0.0633151249274376;0.2702450284539909;0.0103300651405804;;0.1310343163265306;1.2375410507256237;11.297842214285714;0.2635734177777778;1.5612366385487528;14.054891887096774;14.207850962585034
65;2022-12-05;0.6732123233106576;;0.0902181815827664;0.3674264577997732;0.0140278798024263;;0.1896937267346939;1.7791961562358276;16.247572513605444;0.3792725353061224;1.5298356539682538;14.077105798387096;14.24365438548753
66;2022-12-06;0.8267429776643992;;0.1120204563514739;0.4501444484807256;0.0173032231740362;;0.2341415676190476;2.1777967843537414;19.83516947619048;0.4632777327891156;1.5860318897959182;14.11838654032258;14.213639840136056
67;2022-12-07;0.736034389909297;;0.1007948531428571;0.4012687720589569;0.0154588949920634;;0.2102449092743764;1.9361267061224487;17.564549484126985;0.409535733015873;1.6202847526077098;14.115191338709677;14.1565423015873
68;2022-12-08;0.6545132441269841;;0.0899497845056689;0.3498700857414966;0.0135527223126984;;0.1883582822675736;1.7131577875283446;15.51054997845805;0.3626524510884354;1.6181450995464854;14.063790483870967;14.129692224489796
69;2022-12-09;0.5859613336281179;;0.0805680486575963;0.3044798962244898;0.0119130647916099;;0.1693154627664399;1.5244306303854875;13.797690055555556;0.3241647572789116;1.5956683111111112;14.119642387096777;14.160624919501137
70;2022-12-10;0.5333207117006803;;0.073352738430839;0.2708601907573696;0.0106909891365079;;0.1543368347165533;1.3833536807256237;12.523595277777778;0.2949401481632653;1.573065024489796;14.175032177419356;14.146247094104307
71;2022-12-11;0.486467647414966;;0.0666738904671201;0.2405164135600906;0.0095468947861678;;0.140831936462585;1.2604198204761905;11.422270658730158;0.2694149265986394;1.530882847165533;14.00711685483871;13.935783810657597
72;2022-12-12;0.6499192815646259;;0.0879153284512471;0.3074246839229025;0.0121454072238095;;0.1885319185714286;1.6920796911564626;15.349192581632654;0.3613266279591837;1.497662273469388;13.80162779032258;13.696396858276644
73;2022-12-13;0.7619187908843538;;0.1029942264444444;0.3536923779863945;0.0140823388065759;;0.2212558212471655;1.9763579011337868;17.936992479591837;0.4235864045351474;1.5147980868480724;13.508313193548386;13.47662503968254
74;2022-12-14;0.6796228171655329;;0.0922062034648526;0.3123240150702948;0.0125634698650793;;0.197642448707483;1.7544061120181405;15.924192924036282;0.3772106932879818;1.5242622757369615;13.319426911290323;13.302274685941043
75;2022-12-15;0.6211018514965986;;0.0846606027301587;0.2832363528684807;0.0114617365537414;;0.1808396597052154;1.6014263192743765;14.529760553287982;0.3441398526984127;1.5317742668934242;13.25275214516129;13.223342387755102
76;2022-12-16;0.5675181541950114;;0.0776601813968254;0.2575865772244898;0.010453035270975;;0.1653376100680272;1.4657183800453517;13.29254810090703;0.3140673255782313;1.5172809700680274;13.24299189516129;13.212508252834468
77;2022-12-17;0.5136389802040816;;0.0698410763174603;0.2286585927369614;0.0092880010673469;;0.1495848641950113;1.3271177578231292;12.052495624716553;0.2849250389342403;1.471424351473923;13.22891229032258;13.161109570294784
78;2022-12-18;0.4669901792743763;;0.0623849441224489;0.2025271607324263;0.0081446384070294;;0.1361797738049886;1.2127965762811792;11.033574465986394;0.2602808221995465;1.4093900260770975;12.946721201612904;12.992130225623583
79;2022-12-19;0.6571938607482993;;0.0868738647800453;0.280111154707483;0.011109670532653;;0.192244533877551;1.7243010310657596;15.685602530612243;0.3669657898412699;1.3755087879818593;12.729063693548389;12.796644563492062
80;2022-12-20;0.8075391805442176;;0.1077712735170068;0.3439673360362812;0.0137369826548752;;0.2365102729705215;2.1152636766439907;19.22830208956916;0.449520650861678;1.4107114342403628;12.699832056451612;12.737867862811791
81;2022-12-21;0.7385301872108844;;0.0999161487301587;0.3158496696870748;0.0126944334566893;;0.2169867777097505;1.9324249004535148;17.530431191609978;0.4089328269614512;1.4501205299319728;12.72584460483871;12.715517175736965
82;2022-12-22;0.6810516888435374;;0.093261505015873;0.2917568999841269;0.0117774443519274;;0.2007806940589569;1.7815976476190478;16.12709793877551;0.3752320449433106;1.4806807437641722;12.759761185483873;12.696138721088436
83;2022-12-23;0.6314047323809524;;0.0873193502653061;0.270458683845805;0.0109354302170068;;0.1867534239002267;1.6535326555555554;14.936271869614512;0.3463965285487528;1.5003540192743765;12.772068249999998;12.671705859410432
84;2022-12-24;0.5875813259410431;;0.0818731184263038;0.2511035418027211;0.0101459814582766;;0.1742744236281179;1.5422424378684807;13.905693069160998;0.3212878038095238;1.5083225723356009;12.76427768548387;12.635001421768708
85;2022-12-25;0.5498127195918368;;0.0770488474036281;0.2340343606190476;0.0094332937977324;;0.1634407034693877;1.448373315873016;13.039194486394557;0.2998898758730158;1.5089012428571429;12.715420282258064;12.586320088435375
86;2022-12-26;0.5160065493650794;;0.0726108018072562;0.2183170688526077;0.0087693811972789;;0.1536622457823129;1.3656608113378683;12.280316360544218;0.2809641195011337;1.4986006108843537;12.64961031451613;12.538986563492063
87;2022-12-27;0.4851124267800453;;0.0684626284512471;0.2036196570340136;0.0081485204854875;;0.1446026030997732;1.290335479206349;11.59609809410431;0.2638986763492064;1.478959564399093;12.576490556451612;12.454986434240364
88;2022-12-28;0.4553321765759637;;0.0641452553424036;0.1882921611088435;0.0074940093936507;;0.1357651560589569;1.2172268030839002;10.941629477324264;0.2479277564172335;1.4470000873015874;12.433466008064515;12.34839946712018
89;2022-12-29;0.4287397787528345;;0.0601616845782312;0.1742888546893424;0.0068862271741496;;0.1278667241927437;1.1531097636054422;10.370537113378685;0.2338251448299319;1.4102989614512471;12.378375;12.288436307256235
90;2022-12-30;0.4063306788435374;;0.0569062005510204;0.1632548688049886;0.00639373631678;;0.1212639152403628;1.1020299295011338;9.91182510090703;0.2217668272335601;1.3755967106575964;12.360443508064517;12.232178738095238
91;2022-12-31;0.3875412536734693;;0.0541694790181405;0.1541303290385487;0.0059736289006802;;0.1157878729637188;1.0612593705895692;9.543862895238096;0.2116102726303855;1.343526429478458;12.349912516129033;12.19361290249433
