;time;chl;diatoC;diatoChla;dinoC;dinoChla;nanoC;nanoChla;phyc;picoC;picoChla;zooc;bottomT;thetao
0;2023-01-01;0.3709786124716553;1.3697990194557823;0.0517483814648526;0.145895388201814;0.0055949968900226;1.5700230430839004;0.1109958648117913;1.0259018124489796;9.225103902947843;0.2026393700907029;1.3119135156462585;12.32415891935484;12.166052926303855
1;2023-01-02;0.5236258546258503;1.951403351473923;0.0726201862222222;0.2025427613741496;0.0076412373120181;2.269123950113378;0.1573669955396825;1.4666131090022674;13.176286721088436;0.2859974363492064;1.2907502462585034;12.30990579032258;12.135655285714284
2;2023-01-03;0.6494518102721089;2.430031302721088;0.0904626809002267;0.2492352494761904;0.0094098657489795;2.821623731292517;0.1954609664058957;1.823144742403628;16.376845904761904;0.3541182965532879;1.3082300269841272;12.30438160483871;12.10451508956916
3;2023-01-04;0.6099602350793651;2.305781787528345;0.0855267726689342;0.2342127731995464;0.0088156696412698;2.676276609297052;0.1841262333764172;1.7204462973696144;15.429083893424036;0.3314915606349206;1.328214623356009;12.30864160483871;12.088935328798186
4;2023-01-05;0.5734893207256235;2.1895794795918366;0.080870988494331;0.219833219292517;0.0082436444074829;2.540830019047619;0.1736703896689342;1.6246881875510204;14.546015113378685;0.3107042978004535;1.339130151473923;12.26659729032258;12.030864871882086
5;2023-01-06;0.542362392494331;2.0871422832199547;0.0768697700702947;0.206868636217687;0.0077337009460317;2.4187115683673466;0.1647702323446712;1.5403939587301587;13.77200449319728;0.2929886880045351;1.3470993684807255;12.22496079032258;11.977642199546484
6;2023-01-07;0.5142954275510204;1.9961216990929709;0.0731454522721088;0.1953334212267573;0.0072577063394557;2.3144268040816325;0.1568063045623582;1.4657804746258505;13.083483303854877;0.2770859636507936;1.3485653612244897;12.183785798387095;11.935177344671205
7;2023-01-08;0.4891643302267573;1.9091766290249437;0.0697422877006802;0.1838655892834467;0.0068030473979591;2.2121533165532883;0.1496107904693877;1.3963700498866212;12.45124452494331;0.263008204399093;1.346511027664399;12.142312693548387;11.895741563492065
8;2023-01-09;0.7174769944671201;2.824957412018141;0.1024847141564625;0.2681116785623583;0.0098404402496598;3.2774167573696142;0.2203544998185941;2.0557876866213154;18.29896566099773;0.3847973393197278;1.3337165015873016;12.066998774193548;11.892372742630386
9;2023-01-10;0.8970350975510204;3.5734328990929702;0.1298214714172335;0.3414160546235827;0.0125485368482993;4.091852953287982;0.2757612520408163;2.56955613106576;22.82797080952381;0.4789038381405895;1.4008468725623584;12.063737903225809;11.845354790249432
10;2023-01-11;0.8174526922902494;3.310218021315193;0.1202899023922902;0.318839779941043;0.0117144518734693;3.739165199546485;0.2521534775056689;2.340666748526077;20.719777200680277;0.4332948630839002;1.464807657596372;12.032246032258064;11.767134764172337
11;2023-01-12;0.7460652538095238;3.0584846551020406;0.111221657154195;0.296757136909297;0.0108877887;3.4181858562358274;0.2309349631292516;2.1321254782312926;18.81207732312925;0.3930208454875283;1.5049835362811792;12.022778137096774;11.746151793650794
12;2023-01-13;0.6839821607709751;2.8380456591836736;0.1030907024195011;0.2772391401655329;0.0101352295555555;3.148378136281179;0.2125712205215419;1.954194593424036;17.186671459183675;0.358185009569161;1.5224088154195012;12.02622122580645;11.750055882086167
13;2023-01-14;0.6315073085034014;2.651174048979592;0.0959103394965986;0.2603346197097506;0.0094506384907029;2.93144084739229;0.1970238182312925;1.8081349004535148;15.854668691609977;0.3291225108163265;1.524742384126984;12.026149903225807;11.735410458049888
14;2023-01-15;0.5818153820181406;2.4539988696145123;0.0884869776190476;0.2410946665215419;0.0086905993904761;2.715655781179138;0.1819790359637188;1.668027130612245;14.605575735827664;0.30265877;1.5024270095238097;12.035631524193548;11.749894311791383
15;2023-01-16;0.6890318462811791;2.834952228117914;0.1026555164693877;0.2729075430725624;0.0098150029519274;3.188774824489796;0.2152193251247165;1.9603737442176872;17.22784967006803;0.3613420037188208;1.4558625873015874;12.057618056451613;11.757891574829932
16;2023-01-17;0.7669970745804988;3.0689376818594103;0.1121196257845805;0.2916898936984127;0.010517591493424;3.496063402040817;0.2388550394331065;2.160197874829932;19.065682795918367;0.4055048150340136;1.4395511458049886;12.040563008064517;11.714863412698412
17;2023-01-18;0.7002305904535147;2.7655215176870747;0.1016321151791383;0.2610241566780045;0.0094293628591836;3.165980177097506;0.2182170288435374;1.9595351530612248;17.3218953446712;0.3709520815646258;1.432412290476191;12.008455491935482;11.662178540816326
18;2023-01-19;0.6419383154195011;2.4692192920634923;0.0914171447120181;0.2287298930045351;0.0082750267691609;2.8694025943310657;0.2002327258956916;1.77928820861678;15.78410621201814;0.3420134205668934;1.3997207470521542;11.896392846774193;11.587211753968251
19;2023-01-20;0.5946578270068027;2.192114225510204;0.0815765941723355;0.1966506967040816;0.0070830859312471;2.634954317687075;0.1858682685941043;1.6310256419501137;14.548588049886622;0.3201298799319728;1.3529599368480727;11.43834033064516;11.370798219954647
20;2023-01-21;0.5611269909297052;2.048739467482993;0.0758700944761904;0.1811165720056689;0.0064585494949433;2.5105409358276645;0.1763521282766439;1.5412974131519277;13.755171504535149;0.3024462200453515;1.3336392251700682;11.089557370967745;11.044160590702948
21;2023-01-22;0.5351279853741496;1.9442184031746037;0.0716895416122448;0.1695229711247165;0.0059975846386394;2.4177773235827664;0.1691702678911564;1.4731088396825396;13.145786828798188;0.2882705918594104;1.322252275283447;10.717179596774193;10.70536463605442
22;2023-01-23;0.6317807674603175;2.239986445487528;0.0822219391678004;0.1907391620077097;0.006671673216712;2.881098366893424;0.2012875380045351;1.7371155362811792;15.533561815192744;0.3415996175736961;1.287154633265306;10.494607927419354;10.52457548526077
23;2023-01-24;0.7057922938548753;2.472843679047619;0.0906612883628117;0.2095998659519274;0.0073117802024036;3.2383709451247165;0.2264761394104308;1.9398743485260768;17.357677035147393;0.3813430829251701;1.283677677664399;10.410791532258065;10.452778985260773
24;2023-01-25;0.6533270408843537;2.269478933514739;0.0829502942721088;0.191661076339229;0.0066640297721541;3.0314438433106576;0.2116520267120181;1.797501416099773;16.077432497732428;0.3520606927664398;1.2751418476870748;10.349581516129032;10.378051223356008
25;2023-01-26;0.6022530500680272;2.0496826671882085;0.0744622939773242;0.1717620526206349;0.0059310485014489;2.840256635147392;0.1975910657142857;1.6588704900226758;14.844743941043085;0.3242686449206349;1.2418208839229024;10.212630096774197;10.25583398866213
26;2023-01-27;0.5610978643537414;1.8879172550340135;0.0678824646780045;0.1573189072003401;0.0053810874093197;2.7065856215419504;0.1866278548072562;1.5533317904761903;13.888159113378684;0.3012064571201814;1.210179473446712;10.003806411290324;10.064340197278913
27;2023-01-28;0.5321448551927438;1.8111870460090704;0.0643820211201814;0.1505340652181405;0.0051027613277006;2.628269405442177;0.1788136249206349;1.4863660321995464;13.246401385487529;0.2838464456689342;1.2003937085487528;9.803406879032256;9.863427149659865
28;2023-01-29;0.5084916265759637;1.7693840987755105;0.0619962249070294;0.1469545025498866;0.004921387501678;2.5802405172335603;0.1723265747619047;1.4378629979591837;12.757776368480725;0.2692474388662131;1.1975010491836735;9.65848783064516;9.720949314058958
29;2023-01-30;0.6101708121088435;2.179295751950113;0.0751043638548752;0.1805905951587301;0.0059688915170294;3.1895212825396824;0.2084828165532879;1.7498171721088436;15.448397786848073;0.3206147394104308;1.1985247393197278;9.589158274193547;9.6421742845805
30;2023-01-31;0.6975047701133786;2.5351663743537416;0.0868479089795918;0.2102844670408163;0.0069343112487528;3.6986440394557833;0.2396030599773242;2.0142995603174603;17.72749922222222;0.3641194901814059;1.2277827922222222;9.602737774193548;9.633388548752832
31;2023-02-01;0.6594472982312926;2.4314758010884354;0.0829444851088435;0.2014103398049886;0.006625481494331;3.544013140362812;0.2282549171428571;1.9123968376417235;16.77186198639456;0.3416224122675736;1.2496009826303855;9.622638322580643;9.635071315192745
32;2023-02-02;0.6270649647165533;2.3370627072789114;0.0796161294081632;0.1926874481632653;0.0063389467068027;3.398149339229025;0.2187279030839002;1.8199205102040812;15.91114593537415;0.3223819867573695;1.269258979569161;9.623432048387096;9.61911816553288
33;2023-02-03;0.59908718707483;2.2625107604761903;0.0768651020748299;0.1855244344081632;0.0060973002943083;3.277671121768708;0.2105649270748299;1.7410880439909298;15.167349555555557;0.3055598568253968;1.28796241845805;9.63008337903226;9.61826113605442
34;2023-02-04;0.5724544344671202;2.2040886385487526;0.0742953260997732;0.1802371832630385;0.0058880306770294;3.1822307031746035;0.2027273170748299;1.6725676544217687;14.504254758503402;0.2895437617913832;1.300918316893424;9.657868;9.64628605782313
35;2023-02-05;0.5503515946712018;2.1604682790249434;0.0721146170181405;0.1761716819682539;0.0057047875564172;3.114849472562358;0.1964308156689342;1.6181267739229024;13.966031340136054;0.2761013750113378;1.3135011159863947;9.568950596774194;9.565253013605442
36;2023-02-06;0.5437685379365079;2.150245773877551;0.0714468811269841;0.1736701665215419;0.0055955872285714;3.110330245124717;0.1956699501133786;1.5995962947845803;13.76090882086168;0.2710561193197279;1.3154617542630385;9.347235112903226;9.37235792403628
37;2023-02-07;0.5356400393424037;2.1255532794331065;0.0702689554013605;0.1702822449546485;0.0054439372128798;3.100162103174603;0.1944474824716553;1.5750671394557825;13.50480747052154;0.2654796628117913;1.3076682453287982;9.1052805;9.177089081405896
38;2023-02-08;0.513949929047619;2.0643050006575963;0.0675769920657596;0.164649769861678;0.0051940421458049;3.0325525714285715;0.1884159145804988;1.5161021058956916;12.93171738095238;0.2527629805895691;1.295855774058957;8.930234691935484;9.041454706575964
39;2023-02-09;0.4981453629705215;2.04684136244898;0.0663239416666666;0.1622175182743764;0.005061543592517;3.000905629478458;0.1840965649206349;1.4791600272108845;12.539955425170067;0.2426633119274376;1.2963306513605442;8.75706182419355;8.878698870521543
40;2023-02-10;0.4840857740136054;2.051796771428571;0.0655737663922902;0.1622218097097505;0.0049970954049886;2.991042854648526;0.1800804163945578;1.4542499426303854;12.24593739909297;0.2334344941269841;1.3027802691609978;8.64666199516129;8.755598625623582
41;2023-02-11;0.4699046594331065;2.0494136505668936;0.0646838090453514;0.1616536019614512;0.0049224667446712;2.970025131292517;0.1759655546031746;1.426562969387755;11.937662795918367;0.2243328283900227;1.305233103628118;8.551606827419354;8.643599943537415
42;2023-02-12;0.4571530231519274;2.0462507598639457;0.0638541342312925;0.1608369115260771;0.004845614756009;2.949905401814059;0.172314340340136;1.4009286097505669;11.65414967913832;0.2161389353741497;1.3062291698412698;8.551848229032258;8.632517206349206
43;2023-02-13;0.4580173873696145;2.097007011111111;0.0645187435510204;0.1638476124716553;0.0048669170224489;3.0332530222222225;0.1738307649886621;1.4198928176870749;11.744605658730158;0.2148009605215419;1.303535034920635;8.605842117741934;8.675026220634921
44;2023-02-14;0.4568492821088435;2.138116688208617;0.0649260505396825;0.166296871276644;0.004874233177551;3.100277169387755;0.1744976648752834;1.432436517687075;11.784547053287982;0.2125513356916099;1.301172224489796;8.648897087096774;8.699152634013606
45;2023-02-15;0.4409426392290249;2.119722859637188;0.0635232016530612;0.1650672713038549;0.0047736051095238;3.0621055308390024;0.1694250621088435;1.3991189092970522;11.442530732426302;0.2032207709070294;1.292863473696145;8.682474308064517;8.735859507256237
46;2023-02-16;0.4275503709750566;2.1041033709750567;0.062545384494331;0.1636893453446712;0.0046982298945578;3.0131301764172336;0.1651172739455782;1.3679658217687074;11.134666418367347;0.1951894839002267;1.285394128344671;8.721081317741936;8.763924340136054
47;2023-02-17;0.4171260717460317;2.0917388868480726;0.061930192185941;0.1619309538503401;0.0046338445612244;2.9648788517006803;0.1619449998866213;1.340832124036281;10.871436357142858;0.1886170353968254;1.2788736653061223;8.737525483870968;8.773768775736961
48;2023-02-18;0.4090347262585034;2.0869757941043083;0.0615163468163265;0.1605052899274376;0.0045776858981859;2.9339153487528344;0.159677668707483;1.320785698866213;10.668031529478458;0.1832630253968254;1.2747583650793652;8.753805791935484;8.791605344444445
49;2023-02-19;0.4027746639455782;2.0891816133786847;0.0612762651247165;0.1593142010136054;0.0045283701585034;2.916522083673469;0.1580990945124716;1.3064105709750566;10.511908443310658;0.1788709340362811;1.2729405571428571;8.785807946774193;8.82231239478458
50;2023-02-20;0.3986967509750567;2.103626401360544;0.0612331539319727;0.1591289606099773;0.0044955471290249;2.9250611691609976;0.1574633145804988;1.300574246485261;10.419073937641723;0.1755047359637188;1.275090875283447;8.821062129032258;8.84315711904762
51;2023-02-21;0.3945112749433106;2.1212788959183677;0.0610624840702947;0.1592684402040816;0.0044589781222222;2.9434936721088434;0.1567941283446712;1.2967985097505668;10.33754065759637;0.1721956833786848;1.2754526163265305;8.868263027419356;8.887632386848072
52;2023-02-22;0.3911830445124716;2.143401543537415;0.0610374318458049;0.1594885409319728;0.0044310168412698;2.962803310430839;0.1563952883492063;1.2949271165532878;10.273431487528343;0.1693193056689342;1.2773828439909298;8.920988999999999;8.934503685941044
53;2023-02-23;0.3873516055555556;2.160328876643991;0.0609518148253968;0.1590230768684807;0.0043921599215419;2.9713931013605444;0.1557972895238095;1.2894205283446711;10.18230079138322;0.1662103407936508;1.2754560331065758;8.958739911290323;8.962113221088435
54;2023-02-24;0.3836562257369614;2.178638202494331;0.0608273023786848;0.1587297709160997;0.0043513246287981;2.987172368253968;0.1552919592993197;1.2852799854875283;10.098818982993196;0.1631856411791383;1.2717557503401362;8.9964605;8.989730842403628
55;2023-02-25;0.3783792182086167;2.187430216326531;0.0603970599002267;0.1582121400997732;0.0042926801936507;2.9998184163265305;0.1541255621088435;1.2783315102040815;9.9945169138322;0.1595639146712018;1.2610041564625851;9.046117016129031;9.03248698185941
56;2023-02-26;0.3708985929024944;2.190725642176871;0.0601115893786848;0.1598566484058957;0.0043052115532879;2.959740931519274;0.151309852138322;1.261660275963719;9.829599606575965;0.1551719394557823;1.248764319047619;9.011270516129033;9.002265028344672
57;2023-02-27;0.4835571913151927;2.903159716780045;0.0794335234036281;0.2152432186848072;0.0058063913297052;3.848272132426304;0.1961578200453514;1.6597080718820862;12.94982130952381;0.2021594555328798;1.249797467573696;8.788289119354838;8.823550636507937
58;2023-02-28;0.5525460173015873;3.399165968707483;0.092445033739229;0.2566554013378684;0.0069319327909297;4.424273551247166;0.2235623532199546;1.9182985702947848;14.939487263038547;0.2296066953287981;1.2827226185941043;8.667131617741935;8.745037455328799
59;2023-03-01;0.5040262624489796;3.153504809070294;0.0851569858253968;0.2405398525419501;0.0064674049569161;4.089538588208616;0.2044401832199546;1.765535352154195;13.70284038888889;0.2079616909523809;1.2871411022675736;8.65520914032258;8.760769722222221
60;2023-03-02;0.4823130995238095;3.00764936553288;0.0811454048276644;0.230290285553288;0.0061793192287981;3.9355613678004535;0.1958927701587301;1.6945071727891157;13.160584522675736;0.1990956088662131;1.2801868780045351;8.7588579;8.863628241723356
61;2023-03-03;0.473034253786848;2.9520561517006803;0.0793957893129251;0.2289387353832199;0.0061240814807256;3.891948663718821;0.1919303526077097;1.673775507482993;13.012362036281178;0.195584031201814;1.283074874376417;8.860970803225806;8.958807620634921
62;2023-03-04;0.4663756036281179;2.936818941723356;0.0784652739818594;0.2311909448072562;0.0061483392770975;3.8894500022675738;0.1889921386394557;1.6688984090702947;12.96932056462585;0.1927698524489796;1.295880561904762;8.953041282258065;9.05062642063492
63;2023-03-05;0.4598846732199547;2.932596592063492;0.0776834903061224;0.2337837267573696;0.006168474185034;3.8993660448979592;0.1861524920861678;1.6672795290249434;12.941607465986394;0.1898802184126984;1.3132990462585037;9.058393483870969;9.12204466893424
64;2023-03-06;0.4772911880272109;3.07897317845805;0.0810155841587301;0.248206853015873;0.0065128788619047;4.101477285034013;0.1928381394557823;1.7503507591836736;13.575551207482992;0.1969245866893424;1.3324496530612244;9.12556241935484;9.191112414965987
65;2023-03-07;0.4903316607936507;3.193059864172336;0.0837279174648526;0.2607393009750566;0.0068317998492063;4.241415258503401;0.1974693353287981;1.8138328578231293;14.070779323129251;0.2023026078231292;1.3607624988662133;9.19491979032258;9.265383176870747
66;2023-03-08;0.4794194118367347;3.150229458276644;0.0823366436281179;0.2611576245804988;0.0068308601705215;4.170209164172335;0.1925454860544217;1.787559571201814;13.86911809637188;0.1977064214058956;1.3854001163265306;9.26209443548387;9.336863175736962
67;2023-03-09;0.4675359228571428;3.1000597739229026;0.0807069835736961;0.2597896083673469;0.0067739726331065;4.095117520408164;0.1874433652607709;1.7568653972789114;13.62741724829932;0.1926116024489796;1.399731671201814;9.348663217741937;9.444010502267574
68;2023-03-10;0.4549474300226757;3.0398134727891155;0.0787949379047619;0.258130707324263;0.0067069078956916;4.009446532879819;0.181998740770975;1.7229742811791382;13.368300124716551;0.1874468446712018;1.409585630612245;9.465772516129032;9.56104539909297
69;2023-03-11;0.4443346303628118;2.987637469160998;0.0771564079682539;0.2580944450793651;0.0066866156975056;3.929994551473923;0.1772137573922902;1.6948365705215418;13.162311829931973;0.1832778485941043;1.4233497736961451;9.587909370967742;9.685081369614512
70;2023-03-12;0.4343757793877551;2.939310950340136;0.0756264317891156;0.2604108174829932;0.0067258054356009;3.848715825170068;0.1726101270975056;1.6682573782312924;12.97065022335601;0.1794134153968254;1.435787668707483;9.68866381451613;9.68855785600907
71;2023-03-13;0.4057892192743764;2.7751775702947845;0.0709740055079365;0.2500759138321995;0.0064218738795918;3.623005732426304;0.1608351512244898;1.572433434920635;12.220941501133789;0.1675581897052154;1.4470232637188207;9.742116725806452;9.735030653061225
72;2023-03-14;0.3741964552380952;2.5876155954648525;0.0656721831337868;0.2359261452154195;0.0060087213936507;3.376588136961451;0.1480972870408163;1.4645544;11.374522394557822;0.1544182635374149;1.4460172163265308;9.810168443548386;9.813955441043085
73;2023-03-15;0.3647027475736961;2.536285368707483;0.064141739371882;0.236412598276644;0.0059926297839002;3.2983778671201813;0.143893959371882;1.4375154925170066;11.179109526077095;0.1506744199773242;1.44469260430839;9.887158782258064;9.86862548979592
74;2023-03-16;0.3542210703628117;2.47791256462585;0.0622334143310657;0.2335733437188208;0.0058740403897959;3.231952392063492;0.1396073498798186;1.4090558757369616;10.965231706349208;0.1465062658730158;1.4230156941043084;9.957198516129033;9.89746134126984
75;2023-03-17;0.3453052683219954;2.436153251473923;0.0605396585260771;0.231368579569161;0.0057573340555555;3.1950661526077098;0.1358121946848072;1.391237350340136;10.832259821995466;0.143196081723356;1.4015926301587305;10.054498491935483;9.971765290249431
76;2023-03-18;0.3381113088435374;2.4074313040816326;0.0591355454965986;0.2298683750566893;0.0056573594;3.1779405628117914;0.1326030234512471;1.3813455777777777;10.7609062414966;0.1407153789115646;1.3821644936507935;10.144734717741937;10.049259007936508
77;2023-03-19;0.3324365209977324;2.381930613151928;0.0580385219387755;0.2286831578684807;0.0055864125460317;3.157808942176871;0.1299085918480725;1.3730359757369617;10.708008443310655;0.1389029959024943;1.3673482861678006;10.20821745967742;10.103130494331063
78;2023-03-20;0.3295246178004535;2.379973080952381;0.0573779499909297;0.2269615878231292;0.005504743800907;3.179562092743764;0.1284912608231292;1.3771272809523811;10.739030134920634;0.1381506631201814;1.3589186310657595;10.269599580645162;10.17495456462585
79;2023-03-21;0.3253429789342403;2.3816560430839;0.0564231276145124;0.2248229255555555;0.0053937318809523;3.212862559410431;0.1265936348480725;1.3826130873696143;10.77201507845805;0.1369324843809523;1.3593155852607708;10.372018258064516;10.29656078117914
80;2023-03-22;0.320127377755102;2.37663531292517;0.0553226799274376;0.225165189138322;0.0053379350927437;3.2254679276643987;0.1239105692448979;1.3855871010430838;10.799776315192744;0.1355561933673469;1.36389622154195;10.499833572580645;10.483139625850342
81;2023-03-23;0.3155414911337869;2.370696301360544;0.0543413326848072;0.226048406802721;0.0053028518126984;3.229937831292517;0.1213902614693877;1.3882931124036282;10.832834252154194;0.1345070446530612;1.3690273972789118;10.59143333064516;10.60073860430839
82;2023-03-24;0.3110877410204082;2.354893743537415;0.0533768028979591;0.226425235600907;0.0052731243136054;3.2122339981859414;0.1189040288730158;1.38593439861678;10.837659252834468;0.1335337851247165;1.3721030551020408;10.653904766129031;10.713357480725625
83;2023-03-25;0.3050238933333333;2.3246055725623584;0.0521246148571428;0.2255115999319727;0.0052144378687074;3.1739063863945582;0.1157860710045351;1.375550952154195;10.782587367346938;0.131898770047619;1.3685400929705214;10.7380695;10.860169982993195
84;2023-03-26;0.2972713539455782;2.2859240204081632;0.0505549443446712;0.2250321519954648;0.0051512501961451;3.1232242623582764;0.1119802789591836;1.3595203607709752;10.680063394557823;0.1295848788548752;1.3584572369614512;10.85061664516129;10.946826795918367
85;2023-03-27;0.3909544239002268;3.089713807482993;0.0663218817301587;0.3034480722448979;0.0068336930131519;4.234650203174604;0.1463552571360544;1.830875945351474;14.342698556689342;0.171443591909297;1.3536021335600907;10.94306545967742;10.978148642857144
86;2023-03-28;0.4641112063945578;3.761795632426304;0.0791339775714285;0.3715385458049886;0.0083230137759637;5.087735511791384;0.17131029430839;2.216299479818594;17.374523429705214;0.2053439209115646;1.391696936281179;11.077770217741936;11.00877491043084
87;2023-03-29;0.4361904846938775;3.60461051292517;0.0746628080657596;0.3633622426757369;0.0081173087507936;4.794927359863945;0.1583105681496598;2.11790753446712;16.651989750566894;0.1950997990249433;1.4304647752834467;11.175644491935484;11.077472517006804
88;2023-03-30;0.415914516462585;3.4830215981859407;0.0714419354875283;0.3594761726984127;0.0080347737002267;4.550659480725623;0.1486350763492063;2.041236195011338;16.101676452380953;0.1878027315646258;1.471091716326531;11.24204758064516;11.155835710884354
89;2023-03-31;0.396777212585034;3.3544037310657595;0.0682899681927437;0.353716493015873;0.0079135410501133;4.31324909478458;0.1400802571519274;1.9620007040816327;15.522638369614512;0.1804934462811791;1.4978990643990928;11.287731427419356;11.25460572222222
90;2023-04-01;0.3802182320408163;3.244817576870748;0.0654413805215419;0.3485399797732426;0.0077868130303854;4.121566690476191;0.1330602340952381;1.8944584349206348;15.018576274376418;0.173929803786848;1.5170645378684806;11.404342774193548;11.38315653628118
91;2023-04-02;0.3638697982766439;3.131743423129252;0.0624967890226757;0.3418221996371882;0.0076155559235827;3.942960716553288;0.1266035579002267;1.8260048609977324;14.49553140362812;0.1671538947165533;1.5217647900226758;11.549982177419356;11.526787160997731
92;2023-04-03;0.5593012189795918;4.890152495238096;0.0960261578027211;0.5382356199773243;0.0119070837857142;6.105821767800453;0.1936876379319727;2.8355215750566893;22.49204783446712;0.2576803421768707;1.5386554759637188;11.71520260483871;11.583600099773244
93;2023-04-04;0.706784042244898;6.260998364852608;0.1225268481995464;0.7138699393650794;0.0159034057290249;7.581068515873016;0.2396915737414965;3.605175031972789;28.706162278911563;0.3286622131292517;1.7044518829931972;11.67138485483871;11.461110715419505
94;2023-04-05;0.6372106021995465;5.71295630770975;0.1116299453673469;0.6815950200680273;0.0153300607199546;6.6977258108843545;0.2114984786621315;3.2598939027210885;26.02644867346939;0.2987521157142857;1.857493976643991;11.495106225806452;11.3327907154195
95;2023-04-06;0.5787007484126984;5.236761240136055;0.1021796575351473;0.6514193182086169;0.0147651466122448;5.983926495011338;0.1888882565986394;2.962394263718821;23.676623079365083;0.2728676869387755;1.965776482312925;11.39792697580645;11.319438869614512
96;2023-04-07;0.527161490952381;4.818088287981859;0.0936073973922902;0.6269336867573696;0.0142824202698412;5.385464085034013;0.1694378736961451;2.704729107709751;21.626262176870743;0.2498338007256235;2.0349565861678003;11.446195048387096;11.371887321995466
97;2023-04-08;0.4841851290249433;4.454418870068027;0.0862966280952381;0.6069360777097506;0.0138949086024943;4.8822402832199545;0.1535234985487528;2.48641522675737;19.893386540816326;0.2304700932653061;2.07410507845805;11.503879701612902;11.436555666666669
98;2023-04-09;0.4460937815192743;4.11165807324263;0.079377865802721;0.5801519293197279;0.0133133629124716;4.462761442857143;0.1401606548888889;2.2918454929705216;18.347573595238096;0.2132418966666666;2.069905014739229;11.57932272580645;11.499605325396823
99;2023-04-10;0.5819547394331066;5.449584827891156;0.1035256763356009;0.8194851460090703;0.0185774728015873;5.834457665306123;0.180392666755102;3.0282228811791385;24.23514613945578;0.2794589224036281;2.0789581630385485;11.62896504032258;11.60214433106576
100;2023-04-11;0.6707271710430839;6.350662041043083;0.1198509858526077;1.04295783292517;0.0236749042074829;6.579938924263038;0.2020387614965986;3.522509382312925;28.296552696145124;0.3251625212471655;2.2419090571428573;11.740955564516128;11.719609448979591
101;2023-04-12;0.5879821488435375;5.593467280272109;0.105205135478458;0.9952912491156464;0.0227080662115646;5.652912285941043;0.1732290985782313;3.096203900226757;24.912774908163268;0.286839846893424;2.3380354199546485;11.825477338709678;11.76808657936508
102;2023-04-13;0.5112816671882087;4.836346325623582;0.0911291258140589;0.90592398276644;0.0208216819013605;4.844879492970521;0.1490672801133786;2.680954617687075;21.58430483333333;0.2502635800453515;2.301179793877551;11.898458806451613;11.8139524739229
103;2023-04-14;0.4512845582539683;4.217608377324263;0.079642463585034;0.809739472244898;0.0187357832113378;4.254675771655329;0.1313569889251701;2.3522947083900227;18.94551215873016;0.2215493208390022;2.2052330965986395;11.913054306451611;11.782054443310658
104;2023-04-15;0.407298612585034;3.773805072108843;0.0711455988435374;0.7473380309274377;0.0173507768074829;3.831983937188209;0.118211326526077;2.119673385714285;17.082952934240364;0.200590910430839;2.1132882471655328;11.935390379032258;11.829173260770975
105;2023-04-16;0.3772297510884353;3.481504204535148;0.0653306735328798;0.717799821473923;0.0166900392607709;3.5385607984126985;0.1088757157120181;1.967690707256236;15.874422925170068;0.1863333226303855;2.0536991419501134;12.005441822580645;11.88542072335601
106;2023-04-17;0.5708648011791383;5.316059631972789;0.09858125061678;1.212577954036281;0.0277674229879818;5.327241089569161;0.1621175747460317;3.017038413605442;24.348581235827663;0.2823985530566893;2.045519472562358;12.099219895161289;11.989780260770974
107;2023-04-18;0.7008650616099773;6.515717979818594;0.1208626835487528;1.6533157620861678;0.0379523199619047;6.34208408276644;0.1932446862698412;3.721400860317461;30.14569084580499;0.3488053716780045;2.241337623809524;12.195621782258064;12.106400130385488
108;2023-04-19;0.6131470717460317;5.698108092517007;0.1053285604013605;1.5914704021088435;0.036612914154195;5.449150195238095;0.1659671639773242;3.261049653968254;26.393865893424035;0.3052384336961451;2.3882659265306123;12.33936935483871;12.2730947154195
109;2023-04-20;0.538861451814059;4.989486619047619;0.092001832138322;1.5074956849659864;0.0347283355215419;4.748893457596372;0.1448618961678004;2.859795697959184;23.07167175056689;0.2672693894331066;2.427391187301587;12.499410508064516;12.416938984126984
110;2023-04-21;0.4802737622222222;4.415450737414966;0.0811999001519274;1.4261319329931972;0.032829088893424;4.223107293197279;0.1290224009138322;2.541075875510204;20.428219742630382;0.2372223709977324;2.3934852160997733;12.641465806451611;12.56802465873016
111;2023-04-22;0.4354257590702948;3.99227746031746;0.0726789575011337;1.378485715941043;0.0315335376337868;3.847550151700681;0.1167412464557823;2.312873233106576;18.53616486734694;0.2144720187301587;2.343128514739229;12.782383822580648;12.762841098639456
112;2023-04-23;0.3986493510430839;3.658807257823129;0.0655347463287981;1.352115514126984;0.0305974737721088;3.556819074829932;0.1063344310249433;2.139751184580499;17.109271681405897;0.1961826995464852;2.28407273877551;12.934433217741937;12.966374860544216
113;2023-04-24;0.6047739581632654;5.633370395918367;0.0975794235215419;2.3201489774829933;0.0511299296984127;5.488682927664399;0.1583201579206349;3.338569640816327;26.620632219954647;0.2977444455419501;2.2701555791383217;13.045581314516127;13.138191617913831
114;2023-04-25;0.7281225502947846;6.770233566439909;0.1163054733514739;3.1656106670294784;0.0696024376507936;6.406329029024944;0.1833890443514739;4.059676701360544;32.37394588208617;0.3588255947188208;2.5115776634920635;13.14649229032258;13.174196545351474
115;2023-04-26;0.6152428176870748;5.736149469160998;0.0973238777573696;3.0441162697959183;0.0663535029206349;5.330410457823129;0.1511233789954648;3.458687250340136;27.39356946938776;0.300442058430839;2.649384119501134;13.307377975806451;13.308244335600907
116;2023-04-27;0.5267618970748299;4.928882436961451;0.0822477947006802;2.899090150952381;0.0624384221111111;4.565924638321996;0.1276935324761904;2.9893161353741498;23.47789537981859;0.2543821460204081;2.6450668546485265;13.530269016129033;13.496397379818594
117;2023-04-28;0.461507836802721;4.305642731519274;0.0709043341655328;2.7568837511337865;0.0588243510226757;4.003734249206349;0.1108969258888888;2.637194107482993;20.580067785714284;0.2208822259410431;2.5673795408163262;13.664043774193548;13.634798660997731
118;2023-04-29;0.4141352828344671;3.832996609750567;0.0624722561972789;2.642063921179138;0.0559190117482993;3.5893811126984128;0.098859588893424;2.38002366122449;18.49584155442177;0.1968844257346938;2.4687220292517007;13.74848243548387;13.743353179138325
119;2023-04-30;0.3753010658730158;3.453990880952381;0.0554796422675736;2.5084262619274376;0.0526201837301587;3.275781609523809;0.089435645478458;2.1757453102040816;16.870744174603175;0.1777655947959183;2.3496941083900227;13.901797024193549;13.91494033106576
120;2023-05-01;0.556752995782313;5.21282088707483;0.0797736645963718;4.147667129319728;0.0842778484376417;5.024794986167801;0.1304246196666666;3.355275060090703;25.878016701133784;0.2622768617573696;2.271895176417233;14.066777056451611;14.00036794217687
121;2023-05-02;0.637430549138322;5.922700220181405;0.0894905675442176;5.222739795238096;0.1063375527505668;5.596636662358277;0.1437774033015873;3.87093144829932;29.709099433106577;0.2978250248072562;2.432677441723356;14.125304862903226;14.0464818276644
122;2023-05-03;0.5283878249659864;4.8807702319727895;0.0728800047596371;4.68580410340136;0.0959591200884353;4.564791027210884;0.1166255402585034;3.20936183877551;24.38097573129252;0.2429231612063492;2.4996484353741493;14.20063875;14.119263504535146
123;2023-05-04;0.4555178452380952;4.216246894784581;0.0614863521020408;4.3504630625850345;0.0889890720408163;3.945286136281179;0.0989773092607709;2.793754998412698;21.01306289909297;0.206065109600907;2.4890314024943314;14.346340653225807;14.28991351360544
124;2023-05-05;0.4045580933106576;3.770155867120182;0.0531710703741496;4.162946017006803;0.0844715140294784;3.5504380818594106;0.0864781293129251;2.5297094351473923;18.87297234920635;0.1804373783174603;2.456818639229025;14.52397854032258;14.553536968253969
125;2023-05-06;0.3651881779591837;3.413415328344671;0.0466251566530612;4.003846420181406;0.080532901292517;3.2487042893424034;0.0769532454693877;2.329432455328798;17.287222718820864;0.1610768737437642;2.4042123693877557;14.648059903225809;14.770157606575964
126;2023-05-07;0.3324408414058957;3.1036421285714284;0.0412356905011337;3.818725772108844;0.0761892953287981;2.9957008886621312;0.0693933190612244;2.1590444360544216;15.990463691609976;0.1456225363537415;2.3328688285714287;14.75550158064516;14.983783696145125
127;2023-05-08;0.4916543649659864;4.616412200453515;0.0586356985328798;6.242419965986395;0.1209002947278911;4.52534696802721;0.1002039286349206;3.30482979138322;24.273777206349205;0.2119144444648526;2.2921589321995466;14.890140306451611;15.13161670181406
128;2023-05-09;0.5617739441723356;5.2214350126984135;0.0652255491927437;7.598529962811791;0.1479260773424036;5.052661804761906;0.1105587485079365;3.795049229024943;27.667962580498862;0.2380635689455782;2.4395903188208616;15.18265966935484;15.223004240362812
129;2023-05-10;0.4432533756689342;4.094087157369615;0.0505058349387755;6.102753272222222;0.1204950106099773;3.971893622675737;0.0866948630725623;2.9869496197278917;21.674660553287985;0.1855576681179138;2.4166234832199547;15.292433193548389;15.257318954648529
130;2023-05-11;0.3552598127482993;3.2656851206349207;0.0397955425430839;4.804091593242631;0.0964625017664399;3.2365406832199546;0.0705032997029478;2.3958729283219955;17.444156991836735;0.14849846823356;2.2650193414965987;15.295366233870968;15.198892160997731
131;2023-05-12;0.2992249522063492;2.742526844444445;0.0328037464682539;3.999975074421769;0.0810154336249433;2.7963075185941046;0.0603229458866213;2.0368072087301585;14.90287636281179;0.1250828267755102;2.1202688224489794;15.302225387096776;15.23173888095238
132;2023-05-13;0.2673289228911564;2.4395220941043085;0.0285704328526077;3.626854534058957;0.0735882396632653;2.536743722675737;0.0539833554852607;1.8426916232199548;13.509178420181406;0.111186895494331;2.0281812383219955;15.391400693548388;15.363651907029478
133;2023-05-14;0.2400254498344671;2.184643743537415;0.0250535884512471;3.2628243484807253;0.0663252137646258;2.3252446746031747;0.048808496770975;1.6785683294557825;12.37010652312925;0.09983815092517;1.9279149952380956;15.498816927419352;15.453676735827663
134;2023-05-15;0.3545872495238095;3.246880734920635;0.0358622311496598;5.026214929024943;0.1002459164954648;3.554673598866213;0.0720687528049886;2.5525665539002267;18.803028544444444;0.1464103494716553;1.8720500267573696;15.526210137096776;15.531572153061225
135;2023-05-16;0.4196213959863946;3.846369516780045;0.0417505974444444;6.186353022857142;0.1239871809954648;4.181208802267574;0.0837781415873015;3.037978326984127;22.241807815192743;0.1701054764716553;1.9543708988662127;15.650076774193549;15.588872149659863
136;2023-05-17;0.3612249194104309;3.324515748526077;0.0354263445782312;5.473807071224489;0.1105347492426303;3.612570979818594;0.0717119397641723;2.626306282086168;19.10478079478458;0.1435518852086167;2.012495279818594;15.77164533064516;15.61236754648526
137;2023-05-18;0.3139786850793651;2.9124289328798185;0.0303933470249433;4.795932831405896;0.097511598138322;3.201519157142857;0.0628566358095238;2.302400293424036;16.718921770975058;0.1232171039569161;2.015905982993197;15.821183879032258;15.643999792517006
138;2023-05-19;0.2671783200657596;2.524059201587302;0.0257377969036281;3.945789813106576;0.0809085961247165;2.855066191836735;0.055420148909297;1.9896112154195007;14.5504186984127;0.1051117786780045;1.9436429365079364;15.75938929032258;15.647003107709752
139;2023-05-20;0.2309442779818594;2.2234865501133787;0.0221888802131519;3.2607644962358275;0.0673392893984126;2.5987637566893422;0.0499731316621315;1.7486443750566891;12.900717061224489;0.0914429766349206;1.856829673469388;15.750248604838708;15.694603639455782
140;2023-05-21;0.2062171305895691;2.010693482086168;0.0196286098696145;2.8472193158956918;0.0588690043306122;2.4133880358276647;0.0458481471360544;1.5882737365079365;11.787983376417234;0.0818713691836734;1.795950167346939;15.890812491935485;15.886845736961453
141;2023-05-22;0.2726300494263038;2.6793009818594102;0.0253069429580498;3.891545208684808;0.0794089817510204;3.271597907482993;0.0606382681791383;2.14925736829932;15.948643651473922;0.107275856340136;1.773901404988662;16.124908120967742;16.184625708616778
142;2023-05-23;0.3132710914852608;3.0669954530612245;0.0285597739773242;4.710796213741497;0.0963427118619047;3.699501519047619;0.0679407379160997;2.4736314044444447;18.206282909070296;0.1204278673015873;1.853754209977324;16.31683456451613;16.4713205861678
143;2023-05-24;0.2684092668956916;2.626976421088435;0.0241645154637188;4.167079643242631;0.0855294231795918;3.1566880061224487;0.057491295154195;2.1228592140816325;15.523565699319729;0.1012240331451247;1.8858406947845805;16.495754483870968;16.71900309750567
144;2023-05-25;0.2289420467528344;2.2417996566893423;0.020358725255102;3.5859434911564625;0.0738428429419501;2.7163550975056685;0.049031806600907;1.8232855409977324;13.335327542630386;0.0857086722494331;1.852311984807256;16.76399791129032;16.9265608015873
145;2023-05-26;0.1983599416031746;1.936680683446712;0.0173573108510204;3.0980672662131523;0.0639502085863945;2.388738234920635;0.0427040573378684;1.597190596712018;11.742800415419502;0.0743483645079365;1.793235328117914;16.95335593548387;17.16211263038549
146;2023-05-27;0.1760718332199546;1.7084529790022678;0.0151115123684807;2.733603766371882;0.0565124814356009;2.1546635566893424;0.0381358963922902;1.4364551424489795;10.640740996371882;0.066311943063492;1.736317826984127;17.169989177419357;17.40112807482993
147;2023-05-28;0.1573474611768707;1.5187996732426303;0.0132343583655328;2.415547761451247;0.049907575585941;1.9664904278911568;0.0344020681882086;1.3050692735147391;9.759993023582766;0.059803459356009;1.6741639752834467;17.432917612903225;17.63179165079365
148;2023-05-29;0.2130143397800453;2.018331164897959;0.0171562541668934;3.386964629024943;0.0688140593072562;2.714693880725624;0.0462527133854875;1.806956372675737;13.563486204761904;0.0807913129274376;1.635486503174603;17.611468612903227;17.825770603174604
149;2023-05-30;0.238327652015873;2.2247063497732427;0.0188373551907029;3.951289584104309;0.0804276305553288;2.9601930526077096;0.0503738542607709;2.0098560528571427;14.982082914965988;0.0886888116462585;1.6783612786848074;17.803973661290325;18.000019602040815
150;2023-05-31;0.1981893059229025;1.843209650022676;0.0155238282038548;3.3317223279591834;0.0680115087165532;2.4504175265306123;0.0416493487800453;1.6702731604535148;12.417927858276643;0.0730046203265306;1.6756107984126984;17.968111177419356;18.150411136054423
151;2023-06-01;0.1714370455079365;1.582016686802721;0.0132370068591836;2.8872849361224486;0.0591479299217687;2.122446151020408;0.0360266531632653;1.4499559149206347;10.807722602947845;0.0630254557097505;1.6493644176870748;18.13665920967742;18.30530683446712
152;2023-06-02;0.153459534276644;1.4004132668027212;0.0116568787421768;2.571632507664399;0.0528980893832199;1.899939173015873;0.0322780586054421;1.3040390538775508;9.776483230839002;0.0566265075238095;1.623180051473923;18.222997532258063;18.482446725623586
153;2023-06-03;0.137598790414966;1.2466787835827664;0.0103132937151927;2.25386610893424;0.0465919034795918;1.7228801970521543;0.0292600665419501;1.1809309095918368;8.947745463718821;0.0514335264263038;1.5877525494331064;18.405071983870968;18.642719843537414
154;2023-06-04;0.1241153381201814;1.1208259499773243;0.0092030212517006;1.9669621948752836;0.0408480212052154;1.5825101841269842;0.0268359947052154;1.07938373430839;8.282306089115647;0.047228301462585;1.549373181632653;18.50856182258065;18.66226327210884
155;2023-06-05;0.1875312465011337;1.6148975536961452;0.0132278265106575;3.0591981702721087;0.0627100514115646;2.3892092397732427;0.0402053634829931;1.6412328595238097;12.631488724716553;0.0713880052312925;1.542044734920635;18.545521935483876;18.752738929705213
156;2023-06-06;0.2276259402902494;1.918119336734694;0.0158301167253968;3.846944750226757;0.0793740785630385;2.82497347553288;0.0478612407743764;1.9601520696145125;14.931786536507936;0.0845605043356009;1.6351853396825398;18.62082643548387;18.882894369614515
157;2023-06-07;0.1956365072947845;1.650948947165533;0.013651121440136;3.368194653424037;0.0697301687902494;2.407383164807256;0.0409380596780045;1.6694037892290248;12.606318151927438;0.0713171572970521;1.6830011167800454;18.713156096774192;19.08781423809524
158;2023-06-08;0.1715237114693877;1.4404113557369616;0.011927913763492;2.973428930272109;0.0616703769761904;2.1001199804988664;0.0358297026632653;1.4586621720861677;10.989985192517006;0.0620957180929705;1.6851136319727893;18.862300387096774;19.36752223809524
159;2023-06-09;0.1520352772857142;1.2645880944671202;0.0104844282823129;2.623232680249433;0.0544038600975056;1.859831553197279;0.0318289231133786;1.295848593015873;9.802530351927436;0.0553180658548752;1.6560936469387757;19.025628209677414;19.65371216553288
160;2023-06-10;0.1349978963718821;1.1123235377324263;0.0092602660074829;2.282008118730159;0.0474039377902494;1.6498355403628118;0.0284560991077097;1.154855179297052;8.814094610657596;0.0498775929750566;1.602022908163265;19.10835767741936;19.797457222222224
161;2023-06-11;0.1212610884512471;0.9890265479138322;0.0082891305487528;1.9893446473696144;0.0414154019716553;1.478795730068027;0.0257999662879818;1.0409206988435376;8.03388111201814;0.0457565895668934;1.541252439909297;19.244523612903222;19.94540026077097
162;2023-06-12;0.1787082382380952;1.3699756862811792;0.0114754420038548;3.085806842312925;0.0620495103129251;2.1857330713378684;0.037490292946712;1.5496883319501134;11.95474374988662;0.0676929937891156;1.5096150875283445;19.507270903225805;20.144116290249432
163;2023-06-13;0.2083792128988662;1.5825228439909298;0.0134047735651247;3.746036232653061;0.0754052957825396;2.453146319229025;0.0425839195707483;1.7673878046802722;13.426947558140588;0.0769852243160997;1.583144430612245;19.72390751612903;20.264539947845805
164;2023-06-14;0.1702731739546485;1.3329325309750568;0.0113770144863945;3.0493198512698414;0.0619046663145124;1.9630383959546485;0.0346900020285714;1.4218719407482994;10.71717207573696;0.0623014915637188;1.587837766213152;19.844077177419354;20.303223070294788
165;2023-06-15;0.1417875369977324;1.142043016122449;0.0097515735437641;2.443701372698413;0.0501797563507936;1.6369879595918368;0.0292252686267573;1.184999144217687;8.99725695941043;0.0526309383866213;1.5378157469387754;20.03666741935484;20.326044755102043
166;2023-06-16;0.1246042630249433;1.0156418067800452;0.0086397099185941;2.067350548367347;0.042757652286848;1.451613871111111;0.0259718178979591;1.0503293793424036;8.06934598367347;0.0472350828356009;1.4976163353741496;20.16991266129032;20.439615297052157
167;2023-06-17;0.1139046901678004;0.9205250536507936;0.0078219323024943;1.8420189111111112;0.0382171393390022;1.329652805510204;0.0238219573514739;0.9669586618367348;7.511306814739229;0.0440436613061224;1.4742620580498864;20.219858467741936;20.632751077097502
168;2023-06-18;0.1055442595170068;0.8391158374376417;0.0071382223734693;1.6602419058956916;0.0345310342607709;1.2342972561904764;0.0221533995351473;0.90262348276644;7.097826442176872;0.0417216032834467;1.454802084126984;20.291503758064515;20.87654320408163
169;2023-06-19;0.1658300357800453;1.2011960615646258;0.0102958609256235;2.796935747800453;0.0559328208217687;1.9329587988662131;0.0340968060292517;1.424451637596372;11.162328547619047;0.0655045483684807;1.4578853326530614;20.375481225806453;21.09499651020408
170;2023-06-20;0.1975088982518821;1.400948366572789;0.0121711975350022;3.5172946477789115;0.0702539327374467;2.244520109903401;0.0398097673177437;1.655950701348526;12.7086447173288;0.0752740004833786;1.5744408494331066;20.42385772580645;21.2888388276644
171;2023-06-21;0.1622640739072562;1.1793191798276643;0.0102828100594331;2.9322174033582766;0.0586035860773242;1.84211233376644;0.0327839988532879;1.346117430984127;10.19975973505669;0.0605936788460317;1.6165204512471656;20.49333325806452;21.492852185941043
172;2023-06-22;0.136287695015873;1.00297370930839;0.0087572984739229;2.4201193614739225;0.048352994224263;1.559542546054422;0.0278205662902494;1.1354804330975057;8.643129214648527;0.0513568358172335;1.5858347283446712;20.58307108064516;21.7470577936508
173;2023-06-23;0.1155746841201814;0.8626455261904763;0.0075464679081632;1.940805855079365;0.0390607322369614;1.339232129659864;0.0240562114566893;0.9738702397278912;7.543759013605442;0.0449112725079365;1.517317890702948;20.615054048387098;21.94213082312925
174;2023-06-24;0.1011363602879818;0.7584512324489796;0.0066216176818594;1.5864326994104307;0.0322681580362811;1.1982155145124718;0.0215327513927437;0.8670239075283447;6.861187117006804;0.040713833031746;1.4548690426303854;20.826578483870968;22.023720612244897
175;2023-06-25;0.0918280119297052;0.678390500340136;0.0059089901562358;1.3764985714739228;0.0281375318276644;1.1000779910204082;0.0197415281575963;0.798330983265306;6.425004454421769;0.0380399616984127;1.4080476344671202;21.270847596774196;22.22829789342404
176;2023-06-26;0.1583215654172335;1.070622633356009;0.0092048318074829;2.557926234399093;0.050213146615873;1.913256268798186;0.0332918160385487;1.4028852544217687;11.292817543990928;0.0656117709206349;1.3942184303854877;21.54258622580645;22.457854791383223
177;2023-06-27;0.1902583271190476;1.2742768484081637;0.0110802907774829;3.221975984956916;0.0639789664723356;2.2241672291156465;0.0392409639426303;1.635982623117914;12.911370775986397;0.0759581061553287;1.4890530448979593;21.686682532258065;22.611545092970523
178;2023-06-28;0.1501099245804988;1.0592338497732423;0.0092425505301587;2.458499127596372;0.0499679756249433;1.7539200991609976;0.0314676915702947;1.272311562154195;9.996085181405896;0.0594317064104308;1.4745153773242632;22.04418143548387;22.248444455782312
179;2023-06-29;0.1256113790907029;0.9342657250340136;0.0081183674417233;1.9122552547392289;0.0397272321371882;1.494188546485261;0.0271028164115646;1.0684375310430838;8.480540443764173;0.0506629629365079;1.422130677324263;22.11656046774193;22.202837832199545
180;2023-06-30;0.1138586533015873;0.8447154635600908;0.0073303175770975;1.6773302689342402;0.0352187914297052;1.3580079981405897;0.0247631134342403;0.9713221493424036;7.775811715419501;0.0465464307755102;1.3947666433106576;22.090372064516128;22.34675126077097
181;2023-07-01;0.104905185031746;0.7654169945351473;0.00665126252517;1.4850828734920634;0.0315342411519274;1.2577963783673471;0.0230498602244897;0.899323592244898;7.283586558049887;0.0436698212426303;1.370577128798186;22.11276579032258;22.43357452154195
182;2023-07-02;0.0976350717369614;0.699353359047619;0.0060736520206349;1.32247019414966;0.0282726825351473;1.1875976495011338;0.0217694448492063;0.8455232173696146;6.936857071428571;0.041519292371882;1.3539411260770975;22.23902648387097;22.63286505668934
183;2023-07-03;0.1527786233605442;1.0254831851020407;0.0088088381086167;2.1137124577097506;0.044102299877551;1.9264042600907028;0.0343739872766439;1.3524143758276643;11.163372044897958;0.0654934979478458;1.363331840362812;22.352052370967744;22.848197818594105
184;2023-07-04;0.1847803040430839;1.242354413786848;0.0107233029705215;2.605232949614513;0.0548829684319727;2.3218185546031744;0.0417156206020408;1.6102064626530612;13.153071118367349;0.0774584118662131;1.464364607482993;22.54294227419355;23.055621167800453
185;2023-07-05;0.1584162701360544;1.0895573705895691;0.009425672362585;2.246912849160997;0.0476673798480725;1.9868431802040816;0.0359787153038548;1.3642553732199547;11.047750595011337;0.0653445027301587;1.5231246795918367;22.72897954838709;23.295459115646256
186;2023-07-06;0.1378016847913832;0.9594791795011338;0.0083433739766439;1.9133457968480725;0.0410447002789115;1.7142749046712018;0.0314519354705215;1.1782709609297053;9.55215126371882;0.0569616756689342;1.5243637786848072;22.881529274193547;23.358852142857145
187;2023-07-07;0.1222451126712018;0.8585665055555555;0.0075082949337868;1.6346021019274375;0.0354375572380952;1.5054114539229024;0.0280391317732426;1.0419107590022676;8.504348669841269;0.0512601287641723;1.4972144126984128;23.057286451612903;23.401981
188;2023-07-08;0.1103563688412698;0.7691563509750566;0.0067634937836734;1.4278428496825395;0.0311535206337868;1.3446795204761903;0.0253435009024943;0.9399342236961452;7.737531632199547;0.0470958534512471;1.4627083612244898;23.21626912903226;23.564472526077097
189;2023-07-09;0.1005031735419501;0.6857374822222223;0.0060701715464852;1.2610124453061224;0.0276018676439909;1.2114551649433103;0.0230667100340136;0.8565105574603175;7.119921336281179;0.0437644241950113;1.4238961156462584;23.35742920967742;23.796912306122447
190;2023-07-10;0.1645120766689342;1.0338879123356008;0.0091384453727891;2.183717021292517;0.0461963401111111;2.002445628594104;0.0373654512471655;1.416143497528345;11.773670887755102;0.071811840217687;1.4094913480725622;23.51727472580645;24.056558269841272
191;2023-07-11;0.2005283772517007;1.2523063071315192;0.0112112880253968;2.791327972358277;0.0594759124984127;2.3807214227437643;0.0450653738215419;1.6778833786031746;13.710244293650794;0.0847758031721088;1.5171014623582768;23.671533322580643;24.32103387755102
192;2023-07-12;0.166388942047619;1.0598833632879818;0.0095942698521541;2.35775460585034;0.0506014808349206;1.937142289297052;0.0372896566215419;1.361324628117914;10.981114755782311;0.0689035352358276;1.5551261083900223;23.859165903225804;24.53977280045352
193;2023-07-13;0.1415139551972789;0.9053320891836736;0.0083079923342403;1.96852332446712;0.042709128371882;1.610710793968254;0.0316635569526077;1.1413534346938774;9.211674657142856;0.0588332774648526;1.5244823920634922;24.03633291935484;24.646265002267576
194;2023-07-14;0.122722602478458;0.7936026332426304;0.0073394285963718;1.623979799410431;0.035620230941043;1.3791431138095238;0.0275473123503401;0.9884908486394558;8.065164310657597;0.0522156303628117;1.471070356462585;24.314530548387097;24.598823306122448
195;2023-07-15;0.1092701966349206;0.7057879026077097;0.0065468420863945;1.3746435957142855;0.0303563429399092;1.2215456388888888;0.0245883930362811;0.885837561814059;7.32807330340136;0.0477786184058956;1.428075862585034;24.45003914516129;24.77832280272109
196;2023-07-16;0.0990299786848072;0.6255102638095238;0.0058250865444444;1.19544049292517;0.0264581166020408;1.1017952092517007;0.0222799395748299;0.8088466160544218;6.783413161224489;0.0444668360022675;1.39636886553288;24.564573048387096;25.04579578004535
197;2023-07-17;0.1553442578276644;0.8851486017913832;0.0081524351303854;2.0231295077324263;0.0427630193596371;1.781319744240363;0.0346054500464852;1.301193999773243;10.924729669160998;0.069823353185941;1.400544029931973;24.70560435483871;25.311629793650795
198;2023-07-18;0.1775533258589569;1.015340276818594;0.0094485278411791;2.449588379947846;0.0521601716188208;1.9945292275487527;0.0392525571833106;1.443313480909297;11.8603034030839;0.07669206940839;1.5282222684807256;24.88546391935484;25.527000229024942
199;2023-07-19;0.1398096031111111;0.8363424471882086;0.0078601037586394;1.9223138748072564;0.0413831154920634;1.538823585011338;0.0308996440217687;1.1145494303968255;9.07711282755102;0.0596667401190476;1.5435415623582769;24.98217212903226;25.65008071201814
200;2023-07-20;0.1150779158639455;0.6996362825396825;0.0066387704070294;1.4967194423809524;0.0327143398446712;1.242141394829932;0.0254457414365079;0.9147017377777776;7.537923445351474;0.0502790643446712;1.4897893226757368;25.092708306451613;25.69868072335601
201;2023-07-21;0.0981008244875283;0.5935062767573696;0.0056497243673469;1.1730862988662132;0.0260865785657596;1.0544654836507936;0.021801401824263;0.7909045257596372;6.669795989115646;0.0445631196848072;1.4216347598639454;25.146792258064515;25.4901083106576
202;2023-07-22;0.0866506088117913;0.514384124489796;0.0049073671811791;0.9534977706575964;0.0215224701848072;0.9292041756009072;0.0193480918662131;0.710200151043084;6.125315507936508;0.0408726798435374;1.3693684911564623;25.165517193548386;25.365988020408164
203;2023-07-23;0.0785789570498866;0.4538179523582766;0.0043404538029478;0.8099926256235828;0.0184478713469387;0.837918974217687;0.0175621282664399;0.6520620148299319;5.723014395238096;0.0382285036848072;1.3318729861678005;25.139283774193547;25.411100505668934
204;2023-07-24;0.1546154214875283;0.8111315826303855;0.0077542321140589;1.641867416303855;0.0363321809215419;1.6777647506349205;0.0345950021750566;1.3039862945578231;11.517071275283447;0.0759340058049886;1.3285922213151928;25.13985430645161;25.546667229024944
205;2023-07-25;0.1906833094795918;1.0053132899546486;0.0098105501360317;2.107523684521542;0.0475059095961451;2.0423785231337868;0.0432315993929705;1.5466890739183674;13.40505281750567;0.0901352497131519;1.449684126984127;25.128440870967744;25.49318619954648
206;2023-07-26;0.1496407507936508;0.8162499941950114;0.0080223300609977;1.668835413673469;0.0380754367975056;1.6033350872789114;0.0343878505473922;1.1897384804988662;10.18844087845805;0.0691551333061224;1.4702501392290248;25.236763903225807;25.364755167800457
207;2023-07-27;0.1233636395532879;0.6781499026530612;0.0066739785693877;1.3455162519274375;0.0309698870215419;1.3167192720634922;0.0284304549489795;0.978606518956916;8.40289242244898;0.0572893189931972;1.4270075852607709;25.23135288709677;25.25663693877551
208;2023-07-28;0.1071512264036281;0.5819042104988663;0.0057292886526077;1.1359722706802722;0.0262900211575963;1.1365256613151926;0.0246569152040816;0.8521583397278912;7.371497646258503;0.0504750013514739;1.3823812782312923;25.23221696774193;25.319782541950115
209;2023-07-29;0.095470246909297;0.5064248528571429;0.0049924396993197;0.9767772438095238;0.0226948295294784;1.0056855040816326;0.0219243465238095;0.7627847346031746;6.664529019047619;0.0458586309501133;1.344092819501134;25.302690854838712;25.483580804988662
210;2023-07-30;0.0862568125283446;0.4439595308390023;0.0043858611319727;0.8460676655328798;0.0197150504217687;0.9017932303174604;0.0197701066360544;0.6930867944217687;6.125220874376417;0.0423857943492063;1.3125747946712016;25.41950238709677;25.650557934240364
211;2023-07-31;0.1401504279297052;0.6871351245804989;0.0067510928786848;1.4346130951473923;0.0323702633766439;1.5032309987074828;0.0322545202997732;1.1354521523582766;10.000446176190476;0.0687745509138322;1.3123226868480726;25.535096306451614;25.749661328798187
212;2023-08-01;0.1579802694804988;0.7920098360802721;0.0079049621854852;1.6961083284301588;0.0387866586961451;1.6790857566517006;0.036717544115034;1.236681566426304;10.672974472852609;0.0745711050962811;1.4113893448979593;25.504259064516127;25.76491023809524
213;2023-08-02;0.1224318708351474;0.6270386323718822;0.0062987866313378;1.309428918122449;0.0302944098714285;1.3028775908820862;0.0288002229209297;0.9477185252811792;8.13327678553288;0.0570384515435374;1.4246578231292517;25.535077854838708;25.703093947845808
214;2023-08-03;0.1020143008956916;0.5138017508730159;0.0051637920985034;1.0441149242267571;0.0243237721965986;1.0903111865306123;0.024189557962585;0.7968083600907029;6.913472192743765;0.04833717823356;1.3842618655328798;25.627613951612904;25.795192002267576
215;2023-08-04;0.0874220282267573;0.4234896463718821;0.0042601134653061;0.8145632871201814;0.0191707161736961;0.9426754991836734;0.0210234170578231;0.6951860875510204;6.161504391609977;0.0429677817505668;1.3219779770975055;25.697252532258062;25.70982515873016
216;2023-08-05;0.0767187878571428;0.3566198477324263;0.0036013322081632;0.63742713585034;0.0151495533022675;0.8311568015419502;0.0187497245668934;0.6181318294331065;5.59237797845805;0.0392181778956916;1.2587212587301588;25.719898951612905;25.5273748276644
217;2023-08-06;0.070349290371882;0.3146299293424036;0.0031987046079365;0.5427443916099773;0.0129579366104308;0.7548135292063491;0.0172855782324263;0.5669234175963719;5.1908929666666666;0.0369070710362811;1.214784889659864;25.83054191935484;25.5719633446712
218;2023-08-07;0.1345885778140589;0.6102783816734694;0.0061939290909297;1.1044840300453516;0.025668721593424;1.4373137361678003;0.0328270433494331;1.0704763798412698;9.693640040816325;0.0698988834829932;1.2022646789115643;25.914238661290323;25.59898220634921
219;2023-08-08;0.1636681038480725;0.7754389901451247;0.0080160989022675;1.4022138489115643;0.0331536025993197;1.7159978718594104;0.0402318597519274;1.2506459793197278;11.11410057324263;0.0822665422312925;1.280972996371882;25.97721088709677;25.570351886621317
220;2023-08-09;0.1320319516984127;0.6418904895011338;0.0067225556777777;1.1369290316553289;0.027179237956009;1.3753402202947846;0.0328459876609977;0.983912002675737;8.652783941950114;0.0652841711292517;1.3009099653061222;25.999779870967743;25.570151535147392
221;2023-08-10;0.1120962577165533;0.5396702585034013;0.0057429483469387;0.928940003786848;0.022435227655102;1.1483967872789116;0.0280127868514739;0.8229197772108843;7.258029998185941;0.0559052950136054;1.2720663151927436;26.076460177419357;25.61948045351474
222;2023-08-11;0.0982643463015873;0.4593652376190476;0.0049678917945578;0.7600601737868481;0.0184804003331065;0.992331320952381;0.0246648355657596;0.716801032154195;6.389855423809524;0.0501512187959183;1.2272803477777776;26.14854587096774;25.71207203854875
223;2023-08-12;0.0890534367369614;0.4016006842403627;0.0044092215149659;0.6423961818367346;0.0156671921312925;0.8872355066893424;0.0224138336383219;0.6469115201360545;5.831705654195011;0.0465631893197278;1.1922669243764172;26.225533629032256;25.84806057142857
224;2023-08-13;0.0824188932585034;0.3573565893650793;0.0039830006530612;0.55517680292517;0.0135532496904761;0.8088698785714286;0.0207624168594104;0.5959995433786848;5.430591050340136;0.0441202261043083;1.1686649424489794;26.326665758064514;26.003304963718826
225;2023-08-14;0.1323773466417233;0.5884194671859411;0.0065253031902494;0.9934215442607708;0.0235243520895691;1.3006149963265303;0.03291345702517;0.9515182435147392;8.535762579365079;0.0694142342675737;1.164079062244898;26.468846774193548;26.162803752834467
226;2023-08-15;0.1545030512744218;0.7091675299190476;0.0080626054450158;1.2134196108303856;0.0293079135199614;1.4782265510496595;0.0384990926816553;1.0660043290242631;9.391237884743765;0.078633440085034;1.2336611570068028;26.582023645161293;26.314782836734693
227;2023-08-16;0.1258334658428571;0.5778351112335601;0.0067621044358049;0.9490903147596372;0.023305198414331;1.182906732643991;0.0317296688990929;0.8439333092290249;7.417367244444444;0.0640364938126984;1.2476720952154194;26.692548516129037;26.4687297324263
228;2023-08-17;0.1073051057346938;0.4768754165442176;0.0057611698856009;0.7427940101746032;0.0184739729954648;0.987389483718821;0.0272604887324263;0.7074112462585034;6.281875784444445;0.0558094737959183;1.2212693792743765;26.772491451612904;26.571517904761905
229;2023-08-18;0.0957333577097505;0.404556354600907;0.0050697354045351;0.5973440555306122;0.0150143031580498;0.8566004548072562;0.0244224638147392;0.6208123001133787;5.591246569614513;0.0512268556882086;1.1910347148526077;26.769932064516127;26.62836213378685
230;2023-08-19;0.0879148024104308;0.3515624346712018;0.0045691985517006;0.4939849197573696;0.0124874647303854;0.7639503674829932;0.0224617547916099;0.560839314829932;5.12057389047619;0.0483963842517006;1.1638873882539682;26.833826709677417;26.712418251700683
231;2023-08-20;0.0821395355804988;0.3122222543310657;0.0041664569514739;0.4207009157142857;0.010611242854195;0.6995624653968254;0.0209367118458049;0.5198459817460317;4.805665980725624;0.0464251240657596;1.1406698130385486;26.96427758064516;26.82370626303855
232;2023-08-21;0.1348152351156462;0.5146698256349206;0.0068944940235827;0.745859769628118;0.018237903493424;1.1462873138095238;0.0338253693022675;0.8532555259183673;7.832249120634921;0.0758574676145124;1.13526079122449;27.069274451612905;26.95888027664399
233;2023-08-22;0.1673413365283446;0.645811939387755;0.0089077846006802;0.9391022031360544;0.0234989531712018;1.394993965079365;0.0422430906938775;1.0241751246258504;9.310193084807256;0.0926915074149659;1.1848628766213154;27.17829248387097;27.101771106575967
234;2023-08-23;0.1458518124716553;0.5610823170068027;0.0079397412646258;0.784935870324263;0.0199472292879818;1.2069008460090702;0.0372703844761904;0.8729930477777778;7.922997271882086;0.0806944567188208;1.2029969516553287;27.276694774193547;27.250293512471657
235;2023-08-24;0.1293332102947846;0.4873205851020408;0.0070798469256235;0.6528730251814059;0.0167508849013605;1.0544252361451247;0.0332773741814058;0.7599377798185941;6.924634241723356;0.0722251043310657;1.1902398280498867;27.39555877419355;27.397349943310655
236;2023-08-25;0.1164065863219954;0.4244315551927437;0.0063297802956916;0.5452730520498866;0.0140645219303854;0.9291813526077096;0.0300113569897959;0.6729270304988662;6.176238160770975;0.0660009270544217;1.162911652403628;27.48245651612903;27.500118666666665
237;2023-08-26;0.1068497305555555;0.3759000021995464;0.0057235573068027;0.4686853177777778;0.0120670665857142;0.836380822244898;0.02747911123356;0.610982999909297;5.650829681632652;0.0615799955147392;1.1359576499773243;27.56966358064516;27.58707684580499
238;2023-08-27;0.0992045894512471;0.3347415221315192;0.0052051900863945;0.4065832509977324;0.0104581256306122;0.7574652471201814;0.0253601699909297;0.5609492292970522;5.232600551927438;0.0581811037573696;1.1108161657369613;27.57219629032258;27.61445960770975
239;2023-08-28;0.157300242739229;0.528962315260771;0.0083337740428571;0.6763975428027211;0.0170696079301587;1.1895565906575962;0.0399628832006802;0.8802621469387756;8.168229009297052;0.0919339771156462;1.0977555308390023;27.53207666129032;27.486481487528344
240;2023-08-29;0.1943917261179138;0.6621048591836735;0.0108101001696145;0.8447552623015873;0.0219214185138322;1.4367760075963718;0.0501489873333333;1.042331430702948;9.564340678004534;0.1115112197732426;1.154248794648526;27.358029677419356;27.19055756462585
241;2023-08-30;0.1675019484739228;0.5681496998639456;0.0095671022351473;0.6823831941383219;0.0180959393959183;1.2263336819274375;0.0440975738503401;0.8719236360770976;7.986216756689342;0.0957413330725623;1.1790600538548752;26.966765467741933;26.741029732426306
242;2023-08-31;0.1482295734512471;0.4934648700226757;0.008490900864399;0.5532315720476191;0.0148056864743764;1.0807703851247166;0.0395053074263038;0.7616958793650793;7.012883457823129;0.0854276783990929;1.1825761330839002;26.60881120967742;26.39067928117914
243;2023-09-01;0.1361106281133786;0.4451668618820861;0.0077433315290249;0.4780316223764172;0.0127787364439909;0.9921499141043084;0.0363694626575963;0.6979145574829932;6.459626076870748;0.0792190978412698;1.1874897461451246;26.53462929032258;26.34142760770975
244;2023-09-02;0.1257833133514739;0.4029831791156463;0.0070587128929705;0.4162292657664398;0.0110619088244897;0.9166025390022676;0.0335460337981859;0.646287267845805;6.019631997505669;0.0741166578140589;1.184774051655329;26.54350358064516;26.352313142857145
245;2023-09-03;0.1167424691972789;0.3646494705668934;0.0064357081736961;0.3650216881768707;0.0096478044;0.8453699246258504;0.0309667675238095;0.6003443214739229;5.629090534920636;0.0696921889387755;1.1750309978004536;26.553569016129032;26.359781911564628
246;2023-09-04;0.3135057288911564;1.0030778585941045;0.017935895830839;1.002503327403628;0.0261010234088435;2.275668129523809;0.0836337482585034;1.5870569281405895;14.763433290929704;0.1858350605986394;1.2000222984126985;26.422813790322586;26.247727845804988
247;2023-09-05;0.4127168724104308;1.4115205465306122;0.026149823394331;1.3911845620136054;0.0374672494818594;2.95505332106576;0.1131158905941043;1.9919054974829933;18.145106897052152;0.2359839086417233;1.429756955419501;25.9876555;25.92312946258503
248;2023-09-06;0.3143210677777777;1.1587660501360544;0.0218448672798185;1.1129835574716551;0.0305051425761904;2.2866780316780044;0.0886335649818594;1.4797099350340135;13.198091016099774;0.1733374920136054;1.521629448027211;25.68419641935484;25.659574229024944
249;2023-09-07;0.2497722940589569;0.9484564508163266;0.0181707228759637;0.875314453356009;0.0242440561188208;1.8173076637188208;0.0710938657369614;1.1615221046938775;10.297186286621317;0.1362636502653061;1.48664952861678;25.50434396774193;25.48492864852608
250;2023-09-08;0.2071708120294784;0.7887140912244898;0.0152939096213151;0.695981787750567;0.0193499838165532;1.497422334671202;0.0588112235170068;0.9616212165759636;8.557336053061224;0.1137156945442176;1.417536547755102;25.34722793548387;25.33868760770975
251;2023-09-09;0.1778249250068027;0.6697421287755102;0.0130861766832199;0.5660136488662132;0.015714716272585;1.274662167664399;0.0500293835464852;0.8291984082539683;7.439962676190476;0.0989946487619047;1.3528049934920634;25.21908979032258;25.22072941043084
252;2023-09-10;0.1570489025873016;0.5814723353287982;0.011411665862585;0.4738849000136054;0.0130938253937868;1.1147004713605442;0.0436443509342403;0.737528899229025;6.680288849433106;0.0888990609863945;1.3050013034920636;25.120176032258065;25.12847057142857
253;2023-09-11;0.2803340997165533;1.0905195928027211;0.0210167451498866;0.9636148535079364;0.0259087799315192;2.002133780589569;0.0765242003526077;1.3295563221768707;11.89840722494331;0.1568843744285714;1.3073726359637188;25.13469843548387;25.130571399092968
254;2023-09-12;0.3489517982857142;1.4226388869297053;0.0278957957424036;1.3144164923231292;0.0361730902346485;2.416985395192744;0.0946563205748299;1.6080246109297054;14.142253934240362;0.1902265921247165;1.4555588474603174;25.181431403225805;25.15741778684807
255;2023-09-13;0.2876264361519274;1.2073272013151928;0.0240380693482993;1.1313700335986394;0.0317117990888888;1.953794071655329;0.0781057003356009;1.2964093673469388;11.264420712698412;0.1537708677301587;1.5304981242403628;25.188357903225807;25.14123190022676
256;2023-09-14;0.2459481656394557;1.0312227462358277;0.0209199350503401;0.9676192348208618;0.027456645455102;1.6277073559183672;0.0666898421383219;1.08802982845805;9.429808177324263;0.1308817427120181;1.5337377559183674;25.105401741935484;25.049055401360544
257;2023-09-15;0.2139291719569161;0.878581671292517;0.0181620032566893;0.8107332076870749;0.0231552308684807;1.3800818318594104;0.0577965585918367;0.934939526893424;8.14987728707483;0.1148153793628117;1.500069493378685;24.958628048387094;24.92451205442177
258;2023-09-16;0.1903453819274376;0.7596232211337868;0.0159411328115646;0.6873099885011338;0.0196228839526077;1.201563438798186;0.0511227194965986;0.8269525235147392;7.2749333444444435;0.1036586446417233;1.464458126734694;24.85790643548387;24.819891671201816
259;2023-09-17;0.1733215727981859;0.6707704493424036;0.014232217677551;0.6003244227936507;0.0170582311244897;1.072505356462585;0.0461646377664399;0.7506920389795919;6.664703980498866;0.0958664861609977;1.4401084072335602;24.79835435483871;24.76038189569161
260;2023-09-18;0.2253239649274376;0.868454519478458;0.0185112236945578;0.8116626235374149;0.0227270767458049;1.3686041808163265;0.0592574754580498;0.9712349118594104;8.606097268707483;0.124828189356009;1.426105153514739;24.74903908064516;24.71131675056689
261;2023-09-19;0.2529480860430839;0.9712792725170069;0.0212600119870748;0.9150345935124716;0.026119572147619;1.4892224505895693;0.0663531280941043;1.062518794988662;9.374688845124718;0.1392153742108843;1.4529298174603176;24.710743629032255;24.653813616780045
262;2023-09-20;0.2179482997210884;0.8190653662585035;0.0183736676564625;0.7436896948594105;0.021547873409297;1.2621682576417232;0.0573238821995464;0.9017392606122449;7.995947519501134;0.1207028764716553;1.4471832056235827;24.65418741935484;24.59242290702948
263;2023-09-21;0.1929823870430838;0.7025158196145124;0.0161271728278911;0.6146641471179137;0.0179590561365079;1.097007629410431;0.050706714079365;0.7896965681405895;7.06217092675737;0.1081894441678004;1.4204681156462584;24.674089032258063;24.54676213151928
264;2023-09-22;0.1740037543582766;0.6085656707482993;0.0143163290857142;0.5141680131882086;0.0151010115510204;0.9648506295238096;0.0455521529773242;0.703672950430839;6.356490855782313;0.0990342614331065;1.3813668879591836;24.667031193548382;24.45763946712018
265;2023-09-23;0.1590324591814058;0.5313498646485261;0.0128147497848072;0.4315416348072562;0.0127044130213151;0.8588315460770976;0.0414457329274376;0.6359309368707483;5.809447970521542;0.0920675638004535;1.3388787974603171;24.564765322580644;24.305404922902493
266;2023-09-24;0.1469469177369614;0.4688115770748299;0.0115655561349206;0.3653870711564626;0.0107453831657596;0.7745148080272108;0.0380950683764172;0.5820424491836735;5.375795732199546;0.0865409104081632;1.2990441224489797;24.36683614516129;24.111358260770974
267;2023-09-25;0.4790907922675737;1.534537781632653;0.0386644086054421;1.1478407069387755;0.0332818541294784;2.5256663544671203;0.1249774332380952;1.8764956222675735;17.30990197573696;0.2821670965941043;1.3306987983219956;24.243583258064515;23.941118950113378
268;2023-09-26;0.66642838292517;2.2445045934467123;0.0586258374988662;1.6690761446712017;0.0500796434829931;3.474949805442177;0.1785216086054422;2.5046364693877554;22.667106183673468;0.3792012939229024;1.6400052401360543;24.13468619354839;23.839338841269843
269;2023-09-27;0.5156700492290249;1.8537373943537412;0.0493880413299319;1.362829874897959;0.0417925108106576;2.7422477750566894;0.1429956715464852;1.8848559159637188;16.65945519501134;0.2814938257823129;1.81010482154195;24.07097908064516;23.771305893424035
270;2023-09-28;0.4138429766666666;1.5213460380272108;0.0412905254648526;1.0931318110884354;0.033999830355102;2.206646907256236;0.116478543861678;1.4872397290702948;13.025751612244898;0.2220740765986394;1.8058638666666669;23.89001570967742;23.665212070294785
271;2023-09-29;0.3463946982539683;1.263520448684807;0.0348451402301587;0.8846710064172336;0.0276694638346938;1.8344037408163263;0.0976564791904762;1.23573067861678;10.846172553061225;0.1862236146734693;1.7386972519274375;23.70315293548387;23.566276394557825
272;2023-09-30;0.2998671058730158;1.0719313229931973;0.0299156696281179;0.7354910066190476;0.0229346223473922;1.5728147246031747;0.0841465311950113;1.06808775;9.4368155569161;0.1628702828526077;1.666773831972789;23.665751112903227;23.551811732426305
273;2023-10-01;0.2648259504761905;0.9208857064852608;0.0259547640079365;0.618864696213152;0.0191495894219954;1.3740510864399094;0.0737627143197278;0.9444586049433106;8.419701394104308;0.145958881739229;1.5993637526077096;23.628422225806453;23.52925983673469
274;2023-10-02;0.4193376054716553;1.496777738956916;0.0420871624208616;1.0494448484716554;0.0317317101380952;2.1753815617913834;0.1152617626099773;1.5042988170975056;13.329981161904762;0.2302569701632653;1.5742269394557822;23.6163185;23.512489857142857
275;2023-10-03;0.4942716742380952;1.8112243229251697;0.0520404062231292;1.3130301168639456;0.0405711877269841;2.495615808390023;0.1351677239297052;1.7328182475510203;15.173948159863944;0.2664923577278911;1.6900668598639457;23.630951241935485;23.49673532653061
276;2023-10-04;0.3965969573605442;1.462190726485261;0.0427424801496598;1.0521478796145125;0.0331427516287981;1.9774422666213156;0.1088551670929705;1.3665476498866214;11.906790437414967;0.2118565567165533;1.7139655684807258;23.588934903225805;23.44274201814059
277;2023-10-05;0.3228918056916099;1.16763385276644;0.0347872851947845;0.8132119397709751;0.0260034718696145;1.582828011201814;0.0886917902199546;1.098164023673469;9.614294081859413;0.1734092588548752;1.648358446825397;23.19499612903226;23.185332968253967
278;2023-10-06;0.2729425418027211;0.96112401292517;0.02892211943356;0.6478585466507936;0.02077576060839;1.3255430239909298;0.0747105263061224;0.927067234058957;8.190280897278912;0.1485341361360544;1.5708378350793653;23.03951766129032;23.037470038548754
279;2023-10-07;0.2400683934126984;0.824865109229025;0.0248588034725623;0.5443727768571429;0.0173160453920634;1.1626468787528346;0.0652893673764172;0.821093344489796;7.321235075510204;0.1326041771972789;1.509566148866213;22.959512516129035;22.956148009070294
280;2023-10-08;0.2162026411995465;0.720666966893424;0.0218040080115646;0.4659691311020408;0.014708807930839;1.036675342244898;0.0583579992675737;0.7424872768707482;6.686535656916099;0.1213318247528344;1.4617270302721088;22.97150964516129;22.915730659863947
281;2023-10-09;0.3664750855827664;1.2146444975283446;0.0366398230453514;0.7845029120929705;0.024481895410204;1.7524271850113378;0.098474547185941;1.264231298526077;11.419200584126983;0.2068788198299319;1.437863016984127;22.908865580645163;22.84153606122449
282;2023-10-10;0.4610576824263039;1.5352764992517005;0.0473667454365079;0.9881211178004536;0.0316568037970521;2.15482333276644;0.1247813713061224;1.5497706025170068;13.919025752154196;0.2572527612222222;1.5216184278684808;22.871491435483872;22.820151034013605
283;2023-10-11;0.39082303861678;1.311100116122449;0.0408340701553288;0.8266239153287982;0.0268782742120181;1.8326187156235827;0.1070693554807256;1.2964369866213152;11.586900666893424;0.2160413384512471;1.570325207482993;22.855068403225808;22.78825734240363
284;2023-10-12;0.3371832287528344;1.1279441298866213;0.0353145365306122;0.6930332879138321;0.0226783483417233;1.587468002698413;0.0930662896575963;1.112224772063492;9.938251485487529;0.1861240526553288;1.5742968517006803;22.84482422580645;22.764443063492063
285;2023-10-13;0.2976512781632653;0.980381192335601;0.0309565724263038;0.5875902565306121;0.0193228936138321;1.3903571924263038;0.0823383191088435;0.9754313291156462;8.746846948072562;0.1650334929977324;1.5599825609977325;22.845075516129032;22.75237617913832
286;2023-10-14;0.2670755687528344;0.8674581270068028;0.0273396145532879;0.5089261872108843;0.0166005572959183;1.2527937145804988;0.0738157250929705;0.8803173471882086;7.934629866213151;0.1493196723129251;1.5371151714285716;22.836958967741936;22.722956077097507
287;2023-10-15;0.2389285780725623;0.7528889363492064;0.0237448645646258;0.4226280932879818;0.0137047076521541;1.118591663446712;0.0657991082131519;0.7926238458276644;7.217377195011338;0.1356798971632653;1.48984532585034;22.66791391935484;22.569132641723357
288;2023-10-16;0.4045960909977324;1.243769880929705;0.0392877508684807;0.657977132845805;0.0213261711312925;1.8861382514739229;0.1114040406417233;1.344722202063492;12.34878074739229;0.2325781277188208;1.4443867323809525;21.96149391935484;21.9979133877551
289;2023-10-17;0.5012794195464852;1.5386015964172337;0.0494818000448979;0.7872926905782313;0.026179948624263;2.3038315961904763;0.1392375598730158;1.6337221324263038;14.97493925419501;0.2863801099795918;1.4963657216099773;21.45637098387097;21.52325624036281
290;2023-10-18;0.41377164861678;1.2614493772789117;0.0410835996199546;0.6174294933129252;0.020954483256009;1.89264307723356;0.1162528667165533;1.3290906958956916;12.177565922222222;0.2354806987800453;1.5103194884807256;21.184307693548387;21.2611742154195
291;2023-10-19;0.3490381418594104;1.041548516893424;0.0344367247963718;0.4865293861972788;0.0168174005174603;1.574112457664399;0.0987073469501133;1.1050472980952382;10.158376799773244;0.1990766703492063;1.478599059047619;21.150342064516128;21.198487800453517
292;2023-10-20;0.3002506044444444;0.868286266462585;0.0290356102446712;0.3843746332494331;0.0134543399219954;1.3359043552154195;0.0850447037777777;0.9424747791156464;8.721131730612244;0.1727159493718821;1.4232935634920636;21.19608464516129;21.24072555555556
293;2023-10-21;0.2660001860770974;0.744875823015873;0.0251311423580498;0.3137803232244898;0.01105358657839;1.170351071201814;0.0752474079977324;0.8309527604988661;7.742425605442177;0.1545680491088435;1.375482758276644;21.257533693548385;21.241254537414964
294;2023-10-22;0.2418713622448979;0.6665948554875284;0.0225013280068027;0.2725160589886621;0.0095409806276644;1.0667756068480727;0.0683282359478458;0.7576073896145125;7.085401932199546;0.1415008174716553;1.33828200138322;21.315500483870967;21.166377267573697
295;2023-10-23;0.4010977158049886;1.146471502517007;0.037867527286848;0.4692247682698413;0.0159809711746031;1.8357673915873016;0.1140991933628118;1.2770239333786848;11.872823084353742;0.2331500256780045;1.3205247493650794;21.338262693548387;21.14022060090703
296;2023-10-24;0.4994438218594104;1.4470846364852603;0.0486002830306122;0.5861549997755102;0.0203437379362811;2.257857692154195;0.1432334640045351;1.5593920460770974;14.42160670340136;0.2872663371201814;1.3680917548072562;21.313948241935485;21.114229206349204
297;2023-10-25;0.4359541997732427;1.2771492674829932;0.0433566947040816;0.5094302689795919;0.0179151904068027;1.9690140964399092;0.1264719353718821;1.3404415441043085;12.32970436462585;0.2482103775736961;1.407013487165533;21.238468290322583;20.947864600907028
298;2023-10-26;0.3878305853287981;1.1462902543310658;0.0391635575351473;0.4508095329909297;0.015961457470068;1.7559516386621314;0.1135597655351474;1.1806018390702948;10.814170267800453;0.2191458046712018;1.4210341300680271;21.23506593548387;20.847655371882087
299;2023-10-27;0.3477032330385488;1.0287862263492062;0.0353540011337868;0.3979185949909297;0.0141453850648526;1.5724109201587302;0.102407114494331;1.0502886790249433;9.604348031746031;0.1957967334240362;1.4098047706575962;21.18199524193549;20.74848437641723
300;2023-10-28;0.3180294444671201;0.943271058707483;0.0323149425181405;0.3568850146938775;0.0126138224222222;1.452854676643991;0.0940616189795918;0.9628755758503402;8.801495892063492;0.1790390607482993;1.4004107103854877;21.146016612903225;20.631107782312924
301;2023-10-29;0.2918462643310657;0.8552174364852607;0.0293474814070294;0.3093374149705216;0.0109156572727891;1.3328809261224488;0.0863929990861678;0.88352633569161;8.104879967573696;0.1651901257369614;1.3892770673469388;21.12471896774193;20.57570092290249
302;2023-10-30;0.7087443305442177;2.106730978956916;0.071485362462585;0.7407260183900227;0.0258178811839002;3.2999370306122446;0.2113275584036281;2.162146816621316;19.798367090702943;0.4001135266666666;1.4101773382539682;21.07517477419355;20.542091646258505
303;2023-10-31;0.9680603630839002;2.985570123129252;0.1035206063718821;1.0720641485260771;0.0382451730782312;4.423432907482994;0.291394773526077;2.8739709739229027;26.0065834569161;0.534899812403628;1.6633998056689343;20.93645419354839;20.35659789569161
304;2023-11-01;0.7853209344217686;2.547786742743764;0.0900289559115646;0.934202890521542;0.0340314598605442;3.5639343975056685;0.2403896734217687;2.2638964297052158;20.12083231972789;0.4208708445804988;1.839750149659864;20.83863643548387;19.94634365759637
305;2023-11-02;0.6424416386621314;2.1452165373922902;0.0769628682448979;0.7861387838321995;0.0291313791723356;2.8913608664399093;0.1984157262040816;1.812291576643991;15.92478211111111;0.3379316641950113;1.8702529043083904;20.77247448387097;19.811304879818596
306;2023-11-03;0.5406686860997733;1.8378081026077095;0.0664574190385487;0.6725189879591836;0.0251423004863945;2.42082305292517;0.16743202123356;1.50865778430839;13.172742787755103;0.2816369468253968;1.812822479818594;20.40932133870968;19.45438450340136
307;2023-11-04;0.4717764007482993;1.6239410619501131;0.0587446553832199;0.588992933446712;0.0220304548197278;2.1124068973922903;0.1456745408979591;1.3159619549433108;11.466202148979592;0.2453267513378685;1.7467815368480726;20.181637822580647;19.19201201360544
308;2023-11-05;0.4167695128117914;1.4394090288888888;0.0518197398004535;0.51064316138322;0.0189880215170068;1.8724906314285716;0.1278739187936508;1.1708445948752837;10.227591829931974;0.2180878331179138;1.6679073291609978;20.042605403225807;19.02556424489796
309;2023-11-06;0.8705383512471655;3.132073969160998;0.1094437715306122;1.1199534569160998;0.0404591059614512;4.034227636961451;0.2645068228571429;2.520017857823129;21.953958473922903;0.4561286546258504;1.6440317904761903;19.92054185483871;18.879187047619045
310;2023-11-07;1.0990693014058956;4.011707457823129;0.1425282708276644;1.4668553564172335;0.0539979722086167;4.90805253446712;0.3282004601587301;3.142429909750567;27.3225423276644;0.5743425967573697;1.8567915714285717;19.915406354838712;18.93273610884353
311;2023-11-08;0.8543203338548753;3.16482712154195;0.1137482490204081;1.169195157414966;0.0436010556337868;3.745653065306122;0.2538473178004535;2.410654578004535;20.84817879591837;0.4431237100907029;1.950141939909297;19.93696296774193;18.949394986394555
312;2023-11-09;0.6932335173922903;2.568346173469388;0.0934412279682539;0.9523696197505668;0.0358422561043083;2.989120275736961;0.2058507567891156;1.928562568027211;16.63291397845805;0.3580992770521542;1.938722060770975;19.926898516129032;18.975533759637187
313;2023-11-10;0.5778562550340136;2.0876714346938776;0.0774716177687074;0.7587407853287982;0.0289310824569161;2.426273331746032;0.1715157567777777;1.5776627340136056;13.65926668707483;0.2999378000907029;1.858673564852608;19.85516406451613;18.96402023129252
314;2023-11-11;0.4997312167346938;1.760040732426304;0.0658797343605442;0.6168292003174604;0.0235600539451247;2.0781796077097505;0.1482507758911564;1.355354348548753;11.809202142857144;0.2620406532653061;1.7753845523809524;19.816064048387094;18.904407361678004
315;2023-11-12;0.4406974531519274;1.5068091454195012;0.0567623269387755;0.5012700788888889;0.0191146430902494;1.8226919473922905;0.1307030987142857;1.1917240853061224;10.469917452154196;0.2341173842403628;1.689970222675737;19.78295058064516;18.83997974376417
316;2023-11-13;0.8489226229478457;2.917714688208617;0.108816246;0.9781376795464852;0.0366999260428571;3.5166237537414964;0.2481731701360544;2.3283793775510206;20.528075585034014;0.4552332841043084;1.6615489430839;19.66982477419355;18.77323402494331
317;2023-11-14;1.0803332386621314;3.741334946031746;0.1421094355714285;1.3084946256235828;0.0498409000249433;4.320643186394558;0.3115968164172336;2.920509624489796;25.675641947845804;0.5767860873469388;1.8610869297052155;19.579479241935484;18.74968806802721
318;2023-11-15;0.8709964058730159;3.0637100818594103;0.1176172736553288;1.1062671126303856;0.0423945726405895;3.4391578297052154;0.2507694823129252;2.3243299925170064;20.28282424716553;0.4602150743537415;1.9787868990929705;19.552534177419357;18.76441350453515
319;2023-11-16;0.7149476109297053;2.534199617913832;0.0976513207981859;0.9223857859183674;0.0353253522188208;2.819500162811792;0.2059850320181405;1.8960635077097503;16.47667591269841;0.3759859068027211;1.97429511723356;19.53302875806452;18.69619836848073
320;2023-11-17;0.6015339990476191;2.1180342142857143;0.0820140088571428;0.7596598986621315;0.02908604882517;2.3576294773242634;0.1730131675510204;1.5878112875283446;13.818411314058956;0.3174207741269841;1.901510055328798;19.44717066129032;18.631400285714285
321;2023-11-18;0.5178701476417233;1.8022228873015875;0.0698027220249433;0.6268448746258503;0.0239024793981859;2.0264330353741498;0.1484218878435374;1.3692867704308391;11.975940013605443;0.2757430583673469;1.8019098882086169;19.39740948387097;18.51444248979592
322;2023-11-19;0.4543268768027211;1.5561310121315193;0.0601816093151927;0.5182944267800453;0.019662046556009;1.778099253287982;0.1297432886621315;1.206946145510204;10.630828577097509;0.2447399344897959;1.6996291505668937;19.220878403225807;18.40341710430839
323;2023-11-20;0.7807173584126984;2.689587011791384;0.1025667114013605;0.9008527883446712;0.0337591144421768;3.0785030632653063;0.2202512968253968;2.1115289800453514;18.669404103174603;0.4241402370294785;1.6423165278911565;19.065085451612905;18.3272001292517
324;2023-11-21;0.9774289148072562;3.377345563265306;0.1306267565714285;1.1517927567573696;0.0439635607834467;3.7627534941043086;0.2736939927437641;2.61681289659864;23.10986207936508;0.5291446065986395;1.753116251020408;18.94654879032258;18.194321977324265
325;2023-11-22;0.8179642928117914;2.8537041997732424;0.1112789307120181;0.9807602055102042;0.0378481959773242;3.1309081006802724;0.2296876056916099;2.1725305367346937;19.10499320181406;0.4391495595918367;1.823935996825397;18.24984235483871;17.74000014058957
326;2023-11-23;0.7035499109070295;2.489561386621315;0.0967258899160997;0.8647624374829932;0.0333007662653061;2.721202344897959;0.1982092289795918;1.8738594036281175;16.41078605102041;0.3753140257369614;1.8389840142857143;17.456364806451614;17.253908825396824
327;2023-11-24;0.6183446639909297;2.206783380725624;0.0852307635351474;0.7664588618594104;0.0293580099648526;2.418648695011338;0.1746343137188208;1.656718216099773;14.4887270861678;0.3291215790929705;1.8223316743764173;17.159641419354838;17.00159330839002
328;2023-11-25;0.5555571488662131;1.9897915653061224;0.0762404648140589;0.6824230232426304;0.025935674993424;2.200596490022676;0.1571737899546485;1.501433717687075;13.14439307142857;0.2962072172789116;1.7969211442176871;16.824331725806452;16.6680058707483
329;2023-11-26;0.5013356234013605;1.793281550340136;0.067904859462585;0.5968774894104308;0.0223853181596371;2.0237619351473923;0.1423575657505668;1.371460265873016;12.04360174829932;0.2686878821315193;1.745752706802721;16.428426298387098;16.319317393424036
330;2023-11-27;0.8035880395918368;2.902098836961451;0.1085050209319727;0.953794339478458;0.0354428974136054;3.28534223446712;0.2277991266213151;2.229626327891157;19.614279695011337;0.4318409924716553;1.7366539573696145;16.177167008064515;16.082995896825395
331;2023-11-28;1.0010915470521542;3.6447432807256233;0.1376821938367347;1.2233427043310656;0.0461089125362811;4.012602831292517;0.2821259861904762;2.759061013378685;24.228042477324266;0.5351744559637188;1.86723783446712;16.039995903225805;15.88985750340136
332;2023-11-29;0.8594901410204082;3.1684168081632653;0.1200733509115646;1.0736114987528345;0.0406695403514739;3.4425057530612246;0.2429214159863945;2.360565866893424;20.642255569160994;0.455825836122449;1.952042329478458;15.806807766129031;15.644084571428571
333;2023-11-30;0.7431167360997732;2.748124100907029;0.1045419744172335;0.9212246797732426;0.0350519239714285;2.97606399229025;0.2110787465986394;2.0313641242630385;17.730955961451247;0.3924440935147392;1.9629402120181405;15.453588225806453;15.404221790249432
334;2023-12-01;0.6493723985941042;2.383431725623583;0.0914549350770975;0.7816088582993197;0.0300017382292516;2.57382151723356;0.1849108034240363;1.7605029013605442;15.387172075963718;0.343004922244898;1.921538409750567;15.40853285483871;15.262229115646258
335;2023-12-02;0.5663557546258503;2.036617994557823;0.0789432671156462;0.6326480789297052;0.0245550255521542;2.2192594011337867;0.1616505069387755;1.5206388276643992;13.35913995011338;0.3012069529478458;1.8190429278911564;15.307227556451611;15.23264340249433
336;2023-12-03;0.5022641999546485;1.7584668075283447;0.0687193150521541;0.5082153977097505;0.0199237008061224;1.9513906487528343;0.1436909152607709;1.3382906066666669;11.841414056689343;0.2699302698185941;1.7104938487528345;14.981888475806452;14.846289062358276
337;2023-12-04;0.7175571070521541;2.4616673473922903;0.0962100345328798;0.6706968844013605;0.0263002144897959;2.7929190199546485;0.2059219220408163;1.9113432551020408;17.010835126984126;0.3891249344217687;1.6470557505668937;14.62678239516129;14.441771919501134
338;2023-12-05;0.8621319938095239;2.908870070521542;0.1151714345192743;0.7736421100839003;0.0307308540478458;3.301504957142857;0.2475493915192743;2.2729937458049885;20.291907018140588;0.4686803131292517;1.66738079569161;14.547464887096774;14.33529909297052
339;2023-12-06;0.7636702795238095;2.5724294875283444;0.1022815422834467;0.681147608659864;0.0271440703256235;2.916337147619048;0.2198523491156462;2.007010435600907;17.914210286848075;0.4143923164399093;1.6975492115646258;14.431017870967745;14.185209
340;2023-12-07;0.6839415139455782;2.3143177591836737;0.0916383458820861;0.6103390241315193;0.0242086503594104;2.637301466666667;0.1976611514058956;1.803722552834467;16.082711696145125;0.3704333666439909;1.703938132426304;14.345381693548388;14.061357281179138
341;2023-12-08;0.6123906685941043;2.057820428571429;0.0815514203265306;0.5302200362471655;0.0210446364068027;2.3662041308390025;0.177685530340136;1.6129504943310655;14.4011608446712;0.3321090814285715;1.6767023267573695;14.30751229032258;14.016820573696146
342;2023-12-09;0.5563533918367347;1.8486140953287984;0.0735051051179138;0.4631000292902494;0.0184359297224489;2.142376049886621;0.1617979393877551;1.461119666439909;13.079345316326531;0.3026144177097505;1.646663576643991;14.274358532258065;13.963047990929704
343;2023-12-10;0.5099862718820861;1.6923981451473922;0.0669933581519274;0.4152445632585034;0.0164558514455782;1.974763463718821;0.1484464589795918;1.3450094447845806;12.057706739229026;0.2780906028571429;1.6102788371882086;14.260387274193548;13.911309441043084
344;2023-12-11;0.6856211380498867;2.286469963718821;0.0897406695668934;0.5511546767210884;0.021662327902721;2.68223149569161;0.1997404304761905;1.8221951795918367;16.346485350340135;0.3744777113605442;1.5831369507936508;14.249943927419356;13.915039379818593
345;2023-12-12;0.8099936002040816;2.6994297308390025;0.1067354269886621;0.6479180373151927;0.0256734525267573;3.134580387755102;0.2356769499546485;2.142380123809524;19.22663255328798;0.4419077692063492;1.6261267231292518;14.244229137096776;13.908189202947844
346;2023-12-13;0.7204002443764171;2.401909174376417;0.0956530818185941;0.5716691175600906;0.0228267038596371;2.762932858276644;0.2096591153968253;1.8948935263038549;17.002210565759636;0.392261346893424;1.6485652353741498;14.24030143548387;13.873648188208616
347;2023-12-14;0.6486601959863946;2.165100641723356;0.0863081466145124;0.507911674893424;0.0203070574655328;2.4907096918367344;0.1890641709523809;1.7047958124716551;15.293827298185942;0.3529808232426303;1.6502198795918366;14.21809160483871;13.781812214285717
348;2023-12-15;0.5900522727437642;1.9894149263038547;0.0785441448956916;0.4613205192267574;0.0182828025439909;2.302273763265306;0.1723614974149659;1.5637070929705217;14.011475393424035;0.3208638297732426;1.634435503628118;14.15306585483871;13.68905836734694
349;2023-12-16;0.544926016462585;1.8692887096145123;0.0727112302040816;0.4315764511950113;0.0168727140208616;2.173155425170068;0.1594509654648526;1.4640121802721089;13.094125046485262;0.2958911090249433;1.6188989920634922;13.915717854838707;13.511116886621314
350;2023-12-17;0.5085357608616781;1.7803026482312925;0.0681509620045351;0.4113160532448979;0.0158448145104308;2.072145781632653;0.1489893158956916;1.387654226984127;12.38808578798186;0.275550668526077;1.6025980371882085;13.718895766129032;13.297592853741495
351;2023-12-18;0.6938239058503402;2.493961326984127;0.0936635708231292;0.5772223054648526;0.0218760563673469;2.89816445600907;0.2035748234013605;1.928607084807256;17.173936240362814;0.3747094558730159;1.591776371201814;13.65260037096774;13.225565760770976
352;2023-12-19;0.8259014458503402;3.01497573106576;0.1129123809160997;0.7026206540589569;0.0266193779351473;3.4624401537414964;0.2421892020861678;2.307184493877551;20.506176541950115;0.4441804882086168;1.6373567215419502;13.629088693548388;13.1846371723356
353;2023-12-20;0.7379025326077098;2.7244368961451246;0.101973984324263;0.6339208235600907;0.02402249511678;3.102919990249433;0.2168481405895691;2.0644631258503403;18.3122790521542;0.3950579139229025;1.658468407709751;13.586789564516128;13.10309368027211
354;2023-12-21;0.6666314708163266;2.4591125746031746;0.0923431969138322;0.5638362392743764;0.0214240691523809;2.7978916108843537;0.1965845019274376;1.859052709750567;16.487791336734695;0.3562797016099773;1.6540709430839002;13.49749654032258;13.007541190476193
355;2023-12-22;0.6074754827664399;2.2196536616780045;0.0838506407097505;0.4962885152199546;0.0189538265848072;2.5329896344671203;0.17975252861678;1.6836153911564626;14.954452384353742;0.3249184848526077;1.6313084387755103;13.325184153225807;12.920072242630386
356;2023-12-23;0.558752318707483;2.0252270614512478;0.0768635368480725;0.4412066817346939;0.0169219510011337;2.3161418757369616;0.1657391165079365;1.541276555328798;13.712742548752836;0.2992277151247166;1.6012998857142855;13.270520951612903;12.889340606575963
357;2023-12-24;0.5201363088888888;1.880126384058957;0.071238489201814;0.3999832126689342;0.0153046668639455;2.1621411131519275;0.154697807755102;1.4354259052154197;12.782859624716554;0.2788953433333333;1.5730980789115645;13.23887064516129;12.969350817460317
358;2023-12-25;0.6552320811564625;2.3904746832199546;0.0898098076938775;0.4994578210816326;0.0189805288238095;2.753952762131519;0.1952643310430839;1.8212000421768708;16.210514637188208;0.351177413877551;1.5543835514739228;13.21757781451613;12.99678880272109
359;2023-12-26;0.7580478426984127;2.784886683673469;0.104893946600907;0.5803271894331066;0.022151318410204;3.173044185260771;0.2257241570521541;2.1060658111111112;18.7345309739229;0.4052784229931973;1.5854761736961451;13.236825282258064;12.993760918367348
360;2023-12-27;0.6963148710430839;2.569787315873016;0.0971434310022675;0.5318667196145125;0.0203773689428571;2.902709208163265;0.2075338917687074;1.9291650217687075;17.14561632653061;0.3712601797278911;1.6120957557823128;13.255960983870969;13.001581739229024
361;2023-12-28;0.6424802631292517;2.3778815124716552;0.0901419699773242;0.4868992822222222;0.0186966492621315;2.668525641043084;0.191711695079365;1.7746470371882088;15.762457311791383;0.3419299505895691;1.621668403628118;13.25871075;12.987082565759636
362;2023-12-29;0.5953078031065759;2.2124720671201814;0.083940053632653;0.4478887891496598;0.0172027511879818;2.468706211791384;0.1777692814058956;1.642406761904762;14.579813580498866;0.3163957175283446;1.617361339229025;13.251803032258064;12.979036149659864
363;2023-12-30;0.5537522420408163;2.0694140791383218;0.0782856640498866;0.4134590082879819;0.015821591941043;2.304456471201814;0.1654767058730158;1.5307662886621316;13.58186539229025;0.2941682805442177;1.5991377337868482;13.264526758064516;12.974904770975058
364;2023-12-31;0.518587279659864;1.942656618367347;0.0731718231179138;0.3809062708412699;0.0144895232315192;2.169561906802721;0.1551444580975056;1.4370735303854876;12.751757069160998;0.2757814753287981;1.5732022541950113;13.26492125;12.92847792517007
