;time;chl;diatoC;diatoChla;dinoC;dinoChla;nanoC;nanoChla;phyc;picoC;picoChla;zooc;bottomT;thetao
0;2024-01-01;0.4878354527891156;1.828737306122449;0.0684890099070294;0.3506745779795918;0.0132404505224489;2.0559290242630386;0.1461764511836734;1.3564812740362813;12.042433861678004;0.2599295397959184;1.5390863850340135;13.214157903225807;12.825351513605442
1;2024-01-02;0.4592743668480725;1.7265776221088436;0.064258592786848;0.3242834779455782;0.0121554190072562;1.9509795591836732;0.1377821263287982;1.2836767178911563;11.402279490929704;0.2450782307482993;1.4973787378684806;13.168134508064515;12.724261921768708
2;2024-01-03;0.4346839567573696;1.6430583643764172;0.0607814321179138;0.3024230715510204;0.0112679896213151;1.859558928571429;0.1304803732040816;1.2222778812698414;10.862293820861677;0.2321541614965986;1.4577839913832198;13.09768729032258;12.639103588435374
3;2024-01-04;0.4136925699092971;1.5783350349206349;0.0577805818435374;0.2849618335532879;0.0105024231981859;1.79485636122449;0.1243607075510204;1.174785946303855;10.439277699546484;0.2210488560090703;1.417719841723356;13.070512903225806;12.573375040816329
4;2024-01-05;0.3947299485941043;1.508004730612245;0.0547641722199546;0.2649663904058957;0.0096727059544217;1.7313871065759636;0.1188967029433106;1.128586982131519;10.038685146258503;0.2113963674603174;1.3751288591836734;13.030534733870969;12.538488841269842
5;2024-01-06;0.3765480832199546;1.430160895260771;0.0517781292244898;0.2427348754489796;0.0088260273133786;1.6558580886621317;0.1135304006938775;1.079190448526077;9.621531146712018;0.2024135258730158;1.3300307875283448;13.002553467741937;12.523262866213152
6;2024-01-07;0.3602068885941043;1.3678134921768708;0.0492695283038548;0.2250476942970521;0.0081408184630385;1.5916503206349204;0.1086885523968254;1.0375959120861675;9.26663902335601;0.1941079886394557;1.2861344818594105;12.94239393548387;12.4318593276644
7;2024-01-08;0.5525158775283446;2.1399606925170067;0.0757910248027211;0.3455681293401361;0.0123210458621315;2.500903337641724;0.167372063446712;1.6182897199546489;14.43304392063492;0.2970317424036281;1.261475529478458;12.651232032258063;12.211258522675736
8;2024-01-09;0.7088364272108844;2.7458203985941045;0.096878988063492;0.4399440926349206;0.0156614657038548;3.2294467117913834;0.2153197672789115;2.0850007879818597;18.604797569161;0.3809762066213152;1.2828878603174605;12.105036177419356;11.810593343537414
9;2024-01-10;0.6426610922222223;2.388042831360544;0.0841685697369614;0.3756311225521542;0.0133466148330839;2.9102350142857145;0.1957654202494331;1.8755667904761903;16.832891664399092;0.3493804888888889;1.2593112529024943;11.537392943548388;11.499363965986394
10;2024-01-11;0.5905597142857142;2.106825346938775;0.0740042255442176;0.3251470950918367;0.0115000678709297;2.664549248526077;0.1801919437324262;1.7127868106802722;15.45691942857143;0.324863474829932;1.2269589714285716;11.34929458064516;11.373085927437645
11;2024-01-12;0.5593178181859411;1.994488537619048;0.0691705391065759;0.304267003079365;0.0106054858398639;2.575794287755102;0.1717517632947845;1.6341191059410431;14.73487874489796;0.3077900295691609;1.226441011723356;11.233486483870967;11.228640681405896
12;2024-01-13;0.5334009045578231;1.914537777619048;0.065642004648526;0.2882753213106576;0.0099096231804535;2.5094026659863946;0.1650687051927437;1.5699523041950114;14.12721137755102;0.2927805690929705;1.2310723847165532;11.111391153225808;11.13895033106576
13;2024-01-14;0.5091200424716553;1.8353727743310655;0.0626366631791383;0.271524155814059;0.0092703086583219;2.422906898185941;0.15869035861678;1.5020755171201814;13.49510185941043;0.2785227113151927;1.2332599561224489;11.11241279032258;11.103293858276643
14;2024-01-15;0.6360314866666666;2.30324026478458;0.078589129170068;0.3333765384943311;0.011379637726077;3.045308190702948;0.1996563722675736;1.8755165253968251;16.824272613378685;0.3464063496371882;1.2393025114965988;11.143006338709675;11.064818799319728
15;2024-01-16;0.7389248451927438;2.680557765260771;0.0916785929070294;0.3836739146303855;0.013120284061678;3.5448603378684806;0.2331478726757369;2.1726655092970524;19.46289331632653;0.4009780982086168;1.2748200774603176;11.042733887096777;10.985784325396825
16;2024-01-17;0.6870095119954649;2.502215794331066;0.0858476732630385;0.3536419703877551;0.0121004407913832;3.301412139002268;0.2181538001133786;2.010689258503401;17.97100046825397;0.3709075979138322;1.2987226558503402;10.939359282258064;10.96326111791383
17;2024-01-18;0.6406445396371883;2.361873075759637;0.0814641060861677;0.3298993351451247;0.0113464149721088;3.0789040494331066;0.2048021976870748;1.866720043764172;16.62996344671202;0.3430318218367347;1.3155672309750568;10.99913095967742;10.929150717687074
18;2024-01-19;0.5960541152834468;2.219218448526077;0.0768854819954648;0.3054690836802721;0.0105414711210884;2.862799198866213;0.1915980301814059;1.7285728353741496;15.355386724489795;0.3170291310884354;1.3127212738548757;11.019104451612902;10.922040153061223
19;2024-01-20;0.5626838236961451;2.1332354438548755;0.0735359028798186;0.2904660801428572;0.0099639000154195;2.744274527664399;0.182212848276644;1.6374065185941042;14.480901685941042;0.2969711721088435;1.3143258378911564;10.779288846774191;10.688917781179136
20;2024-01-21;0.5380428563945578;2.091403857097505;0.0712242402108843;0.2832596127936508;0.0095993775015873;2.6999621242630387;0.1759930739229025;1.5825905512471656;13.916460529478458;0.2812261646031745;1.3224289839002266;10.612900951612904;10.42801325510204
21;2024-01-22;0.6588133587301588;2.583588033106576;0.0874658057891156;0.3439040663197278;0.0115644480344671;3.3640276197278918;0.2172269365532879;1.944890449206349;17.04716500680272;0.3425561685487528;1.3307656687074831;10.552427959677418;10.345837692743766
22;2024-01-23;0.7522901885034013;2.9761351512471657;0.1007976773582766;0.3929826010430839;0.0132070660619047;3.8657818732426303;0.2490844640362811;2.2211854505668933;19.419324990929702;0.3892009786848072;1.3679593843537416;10.562459096774194;10.37180353968254
23;2024-01-24;0.7039141950793651;2.824365879818594;0.0957502492358276;0.370617509968254;0.0124498791267573;3.640290883673469;0.2342625612471655;2.07785337414966;18.09896540929705;0.3614515058049886;1.4031326419501131;10.585947153225808;10.406364015873017
24;2024-01-25;0.6624539196598639;2.692565323356009;0.0915083798253968;0.3508305216145125;0.0118008130104308;3.437293675056689;0.2215379805668934;1.9520550770975056;16.943970632653063;0.3376067460090703;1.43239191292517;10.62102329032258;10.449394793650791
25;2024-01-26;0.6264160282312925;2.5916686709750567;0.0877156472902494;0.3366589582131519;0.0112608470285714;3.292558157596372;0.2107319851473923;1.8519055984126984;16.001980742630387;0.3167075508843537;1.4536604666666668;10.655445532258064;10.454922023809525
26;2024-01-27;0.5947865897278911;2.4985121591836736;0.0843126148231292;0.3232136253945578;0.0107598531920634;3.1574300131519277;0.2011460417687074;1.762328689569161;15.168787790249434;0.2985680782993197;1.4685113401360546;10.657586193548386;10.411106477324262
27;2024-01-28;0.5665854300226757;2.42339276122449;0.0811316202199546;0.31277887230839;0.0103084895031746;3.0591091201814056;0.1926945962811791;1.6892925240362813;14.476228916099773;0.282450722154195;1.4754772403628118;10.639348475806452;10.332744879818591
28;2024-01-29;0.5567347190929705;2.4757963730158727;0.0812028049024943;0.323805302755102;0.0104593908723356;3.11201031292517;0.1907419973696145;1.69021477845805;14.370964738095235;0.274330526462585;1.473099337868481;10.595473653225808;10.257464395691612
29;2024-01-30;0.5460425946258504;2.5108421535827663;0.0809351366734694;0.3332558425600907;0.0105923599759637;3.1433791970521545;0.1881232538412698;1.6859451509297052;14.24386410090703;0.2663918453287981;1.4733671394557823;10.48690298387097;10.179714140589567
30;2024-01-31;0.519725908185941;2.4187313194557825;0.0775365184693877;0.3207353101836734;0.0101254755671201;3.024858516780045;0.1796633653650793;1.61387573;13.602183140589569;0.2524005509297052;1.4669329278911565;10.374362467741935;10.10506936394558
31;2024-02-01;0.4956264413378685;2.3256038894557824;0.0744582340453514;0.3069065911791383;0.0096652687043083;2.8960906412698413;0.1719068921632653;1.5418611957369617;12.97373270521542;0.2395960476870748;1.4522085136054423;10.278748129032255;10.021368282086168
32;2024-02-02;0.4749232655782313;2.251041482018141;0.0716466374920635;0.2959262801315193;0.0092501825068027;2.804819281405896;0.1653982858163265;1.4854368534920634;12.473454613378683;0.2286281602267573;1.434992955782313;10.225761282258064;9.982823089115646
33;2024-02-03;0.4555801239682539;2.179552716122449;0.0689411009024943;0.284720677138322;0.0088341703390022;2.7176675555555554;0.1592765814036281;1.4323713523809525;12.006514813605442;0.2185282704535147;1.4128415335600908;10.21208525;9.992671416099771
34;2024-02-04;0.4388600101814059;2.1186382953061225;0.0665658194149659;0.2746122643968254;0.0084526210369614;2.6450581673469387;0.1540291859750567;1.387031760702948;11.606071942857143;0.2098123829024943;1.390324760770975;10.230290451612904;10.03151849659864
35;2024-02-05;0.4605981084353741;2.2672318770521542;0.0703588228208616;0.293474076845805;0.0089323477136054;2.8292046909297053;0.1625427333832199;1.4711807394104308;12.26425776031746;0.2187642042630385;1.3674238297052157;10.266182693548387;10.079050928571428
36;2024-02-06;0.4773308104308389;2.3826739196145126;0.0735789304920634;0.307964882462585;0.009354566824263;2.9539848435374148;0.1688875400090703;1.533294829637188;12.75491365873016;0.2255097716099773;1.35461456984127;10.269349322580643;10.072987650793651
37;2024-02-07;0.4590990864399093;2.3060448332426304;0.0711011677029478;0.295471883430839;0.008968998070068;2.848205166893424;0.1627473982040816;1.4774833206575964;12.280077486621314;0.2162815236734694;1.3430080276643992;10.267264362903225;10.066966886621316
38;2024-02-08;0.4447408392743764;2.251720587142857;0.0691383628344671;0.2859034244512471;0.0086496961408163;2.7771889968253967;0.1581412917437641;1.4361431171201815;11.918903917913832;0.2088114895464852;1.333699605668934;10.274470032258064;10.060757992063492
39;2024-02-09;0.431361378707483;2.1962115217006803;0.0671854709591836;0.2754986085532879;0.0083052777231292;2.7109861501133787;0.1538720635600907;1.397184606961451;11.583518598866211;0.2019985665079365;1.321127629478458;10.252750766129031;10.082885103174602
40;2024-02-10;0.4196433846938775;2.1437025397052154;0.0654807615510204;0.2647183085941043;0.0079644404587301;2.6489811117913837;0.150124052909297;1.3620357088435373;11.287026121088436;0.1960741288208616;1.3082301424036282;10.155365306451612;10.095697314058958
41;2024-02-11;0.4100903268480726;2.105614770498866;0.0641559921179138;0.2562782794829932;0.0076852736258503;2.605053896598639;0.1472128926031746;1.3347871270068028;11.050498136734694;0.1910361684580498;1.2960711997732426;10.164848346774194;10.094127365079364
42;2024-02-12;0.5490881470068028;2.90214346829932;0.0869096488390022;0.3536285579115646;0.0104393049321995;3.5969777587301586;0.1990508905192743;1.8122687202947845;14.894474264399092;0.2526883046485261;1.290430887664399;10.19164341935484;10.11781137755102
43;2024-02-13;0.6607467576870748;3.5796157573696146;0.1060502359024943;0.4432125644331066;0.0129803520573696;4.397482943310657;0.2397644949750566;2.206820980498866;18.061539656462585;0.3019516742630385;1.3284578302721088;10.249583693548386;10.117186239229024
44;2024-02-14;0.6225476427891157;3.444082757596372;0.1007731471632653;0.4325004537800453;0.012526418478458;4.213412362131519;0.225353118047619;2.1056653761678006;17.177988311791385;0.2838949609750567;1.3607491458049887;10.345368435483872;10.153223954648526
45;2024-02-15;0.5873205675963719;3.3043599870748297;0.0957656461814058;0.4206267115238095;0.0120681323181405;4.0224278342403625;0.2119431659183673;2.005903878231293;16.3234313968254;0.2675436241269841;1.3808496321995465;10.419614;10.183597181405895
46;2024-02-16;0.5564835793424037;3.165852392063492;0.0912315888390022;0.4076713366303855;0.0116186550269841;3.831609033786848;0.2002067317369614;1.91179691723356;15.53642955102041;0.2534266026077097;1.393899573015873;10.493914653225806;10.22151429138322
47;2024-02-17;0.5292574012471656;3.043207195464853;0.0869605328390022;0.3967662649795918;0.0111935954448979;3.67643784829932;0.1900416866757369;1.8317437684807256;14.864513324263038;0.2410615866439909;1.3997864024943312;10.571844975806451;10.248098681405896
48;2024-02-18;0.502832146213152;2.9106131823129253;0.0827439923741496;0.3832992733922902;0.0107395029072562;3.5012788560090704;0.1801507859342404;1.7469023986394556;14.16763691723356;0.2291978657142857;1.395154971201814;10.648943814516128;10.264757632653062
49;2024-02-19;0.4866632759863945;2.8703130464852604;0.0806173236122449;0.3844232453945578;0.0106458336902494;3.4290827129251698;0.174258249478458;1.706550159319728;13.794782312698413;0.2211418707936508;1.384762907256236;10.727430798387095;10.331184316326532
50;2024-02-20;0.4695800830839002;2.826868085260771;0.0780811894331065;0.3870921431609977;0.0105498709240362;3.3667281582766444;0.168072369770975;1.6694728646712018;13.45298540680272;0.2128766507936507;1.3815126199546486;10.80930587903226;10.415025721088435
51;2024-02-21;0.4458542353968254;2.696534554875284;0.0736319682834467;0.3731968879886622;0.010038707831746;3.2265036458049887;0.1593830383582766;1.5987982503174605;12.889343379591836;0.2028005204535147;1.3721184108843538;10.889829991935484;10.5228556723356
52;2024-02-22;0.4241805540136054;2.5562028840136053;0.0696184450702947;0.3539392013900227;0.0094814959836734;3.0650732160997736;0.1514669595147392;1.524007763106576;12.31287723968254;0.1936136528117913;1.3548256056689345;10.919304637096774;10.617712765306122
53;2024-02-23;0.4077560846712018;2.4413501836507936;0.0668270002086167;0.3363734850249433;0.0090417016861678;2.92233219569161;0.1457865948503401;1.4608603475283446;11.830267869160998;0.1861007879138322;1.3343169900226757;10.833062661290322;10.663987068027213
54;2024-02-24;0.3978841619954649;2.3813402367800456;0.0651590864829931;0.3270387009455782;0.0087790973117913;2.8550194893424035;0.1427955834331065;1.427477071632653;11.56632583537415;0.1811503943990929;1.323350326530612;10.833182427419354;10.693920873015871
55;2024-02-25;0.3875312463718821;2.324226642335601;0.0634200701836734;0.318514292249433;0.0085174545272108;2.799672560544218;0.1398612317981859;1.395101104240363;11.298799358276645;0.1757324912244897;1.3009477102040818;10.90290631451613;10.70522327664399
56;2024-02-26;0.5273265458503401;3.172454815646258;0.0855172480430839;0.4348852012086168;0.0114670789746031;3.8820126328798175;0.1913709228820861;1.9170832383446712;15.515645464852607;0.2389712969614512;1.2920388757369614;10.96502220967742;10.733580108843537
57;2024-02-27;0.6160148674829932;3.671686343537415;0.0996615311043083;0.5050741684716553;0.0134048789380952;4.4748590659863945;0.222905608941043;2.229840850340136;18.106469897959183;0.2800428493877551;1.3210470167800452;11.031937379032255;10.79863687755102
58;2024-02-28;0.5665784496371882;3.331022585260771;0.0913973768185941;0.4580859405170068;0.0122664498891156;4.050864653741496;0.2045612426190476;2.0339043120181404;16.5668778707483;0.2583533806349206;1.3450805504535148;11.106749677419357;10.869937149659863
59;2024-02-29;0.526848702244898;3.0442973854875284;0.0843167871428571;0.4175155043605442;0.011235475670068;3.722429785487529;0.1900251170861678;1.877238049070295;15.342613250566894;0.2412713232426304;1.3491002211791383;11.177169177419357;10.935166134920635
60;2024-03-01;0.4870025170521542;2.736629225419501;0.0766226333356009;0.3715820204557823;0.0100235847831519;3.398504879591837;0.1755512849569161;1.7185798889569162;14.116241954648526;0.2248050139682539;1.3222362555555556;11.215098411290322;11.012659425170067
61;2024-03-02;0.4572600528117914;2.516107090068028;0.0708678614603174;0.3355345976401361;0.0090637035522448;3.1793278034013603;0.1650089364897959;1.605194896984127;13.231368731292516;0.2123195521995464;1.291870734648526;11.285145088709678;11.0693814138322
62;2024-03-03;0.4389983665306122;2.40450750628118;0.067541637494331;0.3150918636110975;0.0084831654612244;3.0782846789115648;0.1587778322154195;1.5455611570068029;12.74884931292517;0.204195730340136;1.2788489379365078;11.328957266129033;11.11944561564626
63;2024-03-04;0.5401377320408164;2.981004082993197;0.0826975817165532;0.4083764236480726;0.0106515852323129;3.856846509977325;0.1956614310657596;1.9218650521541951;15.816153007936508;0.2511271344671202;1.2776148009977324;11.369012129032258;11.164011926303855
64;2024-03-05;0.6230809108163265;3.4766813585034013;0.095483116015873;0.511780043089796;0.0129684824666213;4.495200155555556;0.2249490115873015;2.240207630839002;18.398829170068023;0.289680301723356;1.3146450169387751;11.458722862903226;11.226416094104309
65;2024-03-06;0.5872771563038548;3.312301125623583;0.0898342740408163;0.574220260878729;0.0138266487857142;4.270359022902494;0.2105612518820862;2.135785270748299;17.472542174603177;0.2730549788208617;1.3487501972789118;11.542688475806452;11.278813098639455
66;2024-03-07;0.5559543855328798;3.155608408843537;0.0849677507256235;0.6170734498503402;0.014454698070068;4.055263149659864;0.1981958858049886;2.036587387301587;16.611102926303857;0.2583360510430839;1.3771680866213152;11.60570141935484;11.317291418367349
67;2024-03-08;0.5301001488662132;3.005907672108844;0.0804033126190476;0.7198102868752835;0.0161231834630385;3.85374802063492;0.1875606035147392;1.95316920430839;15.858563890022674;0.2460130484353741;1.4050454897959184;11.60248235483871;11.31244006462585
68;2024-03-09;0.5110075031065759;2.9057394365079365;0.0763253020975056;1.0041048717222494;0.0210340218895691;3.6896260070294784;0.1777486718594104;1.9116067190476191;15.33980968707483;0.2358995065079365;1.4471009761904765;11.53287229032258;11.295496980725623
69;2024-03-10;0.4972842758503402;2.880068534920635;0.0732465902040816;1.4178917418845352;0.0283250619207278;3.6025895650793647;0.1688256720861678;1.9177272464852608;15.11217651360544;0.2268869523809523;1.5105850598639454;11.505018129032258;11.342103178004535
70;2024-03-11;0.7318204032426303;4.353940706575964;0.1088754443582766;2.333551996576145;0.0466111964899773;5.397717018820861;0.2465621021315192;2.884060339909297;22.523513447845808;0.3297716608163265;1.5878656106575963;11.525917588709678;11.386998530612246
71;2024-03-12;0.9034619541496598;5.442926310884354;0.1371049555306122;2.9109089687982768;0.0595420042635147;6.594975075736961;0.301713510770975;3.5664059108843538;27.848059480725624;0.4051014813151927;1.7476060145124717;11.609675612903226;11.45624916553288
72;2024-03-13;0.8217781168480726;5.029016810884354;0.12660631330839;2.8245102709870973;0.0588498462470975;5.944002207256236;0.2704217486848073;3.262886960544217;25.35711307256236;0.3659002061678005;1.895739460770975;11.7316675;11.544216138321994
73;2024-03-14;0.7472139288662132;4.63576643786848;0.1166616057142857;2.7038769955329025;0.0573685016779365;5.364539337188209;0.2427582591836734;2.979951702494331;23.055236735827663;0.3304255617460317;1.9968979195011336;11.838906346774191;11.612849378684809
74;2024-03-15;0.680468517596372;4.260599628344671;0.1072535052562358;2.5890762376054424;0.0558614123079365;4.841304878911565;0.2183231752380952;2.722698626984127;20.98140199433107;0.2990304226530612;2.049829160090703;11.91084270967742;11.66029443537415
75;2024-03-16;0.6219592021768707;3.90603194399093;0.0987225604285714;2.446044033560091;0.0537599699734693;4.36882367505669;0.1974343560997732;2.487977950793651;19.134834902494333;0.2720423139229025;2.056005582086168;11.990689411290322;11.74795616553288
76;2024-03-17;0.5731051521768707;3.597334499546485;0.0912980004512471;2.293843612562358;0.0513266521303854;3.979436039909297;0.1805255244648526;2.2893574739229026;17.60167471201814;0.2499549775056689;2.0314014242630383;12.069683080645165;11.8223236723356
77;2024-03-18;0.7194768447845804;4.598840663492063;0.1154878700929705;2.94032672814059;0.0663267896496598;5.030972836734693;0.2240739464172335;2.911481947165533;22.367642210884352;0.3135882387755102;2.0105955818594103;12.128320467741936;11.895122828798186
78;2024-03-19;0.8118409209750567;5.234062996145125;0.1309308830498866;3.45146197446712;0.0788633342596372;5.592765438548753;0.2475103058956916;3.3122712126984126;25.46896294557823;0.3545363971428571;2.1053656875283444;12.23990183064516;12.01670537755102
79;2024-03-20;0.7158186812244898;4.640596666893424;0.1151043005578231;3.239788804399093;0.0745272906780045;4.880815477324264;0.2139261924716553;2.946684707482993;22.599014517006804;0.3122608970294784;2.159266239229025;12.375092862903225;12.149344696145125
80;2024-03-21;0.641947026122449;4.174347159863945;0.10279995792517;3.0571985818140592;0.0707750271428571;4.342567889795919;0.1886407735464852;2.661617910657597;20.365300358276645;0.2797312677777778;2.169348580272109;12.447640008064516;12.273163850340136
81;2024-03-22;0.587386438367347;3.800108933333333;0.093623492063492;2.8680167307482995;0.0671689701439909;3.923497980952381;0.1706389522698412;2.43544901292517;18.633763602040812;0.2559550228344671;2.153972377324263;12.498778822580643;12.382489980725625
82;2024-03-23;0.5420635904988662;3.495769555102041;0.085365212632653;2.8296246883219958;0.0659966437755102;3.6009836791383223;0.154790368031746;2.269012915192744;17.30177631292517;0.2359113653514739;2.1268938013605445;12.57935241935484;12.53476683446712
83;2024-03-24;0.5033986042403629;3.2420479113378686;0.0779250109523809;2.83785711276644;0.065419835994331;3.354132776643991;0.1410303299931972;2.1411187653061226;16.25938668707483;0.2190234264852607;2.0903997541950115;12.72472054032258;12.596414607709752
84;2024-03-25;0.7746500296145126;5.121942618594104;0.1179220943786848;4.806841650090703;0.1086685753786848;5.310464187074831;0.2098662311564626;3.4268879437641724;25.88340565873016;0.338193127505669;2.087510541723356;12.84648987903226;12.65645628798186
85;2024-03-26;0.9554373620408164;6.328829082086168;0.1443829814399093;6.438642417573696;0.1465346227301587;6.372201315192744;0.2477926227210884;4.275426532426304;32.16544406689342;0.4167271355782313;2.3132727;12.90712025;12.714649452380952
86;2024-03-27;0.8357526489569161;5.485302845804989;0.1249732701201814;6.201144414353742;0.1419013467732426;5.376641263265306;0.2088252955782313;3.740829096371882;27.82685901814059;0.3600527357369614;2.4886790353741497;12.915503258064517;12.738072937641723
87;2024-03-28;0.7412379741043084;4.839033517913832;0.1094042783356009;6.066186198117913;0.1382356723424036;4.660413635600907;0.1793863978458049;3.333016113605442;24.43055907256236;0.3142116276417234;2.567786437414966;12.879676766129032;12.729614919501136
88;2024-03-29;0.669910353537415;4.360721139229025;0.0978805506417233;5.825704428208617;0.1325792376122449;4.159227585487528;0.1585055315873015;3.0251573460317465;21.956233984126985;0.2809450336961451;2.586835281632653;12.905446838709675;12.765480471655328
89;2024-03-30;0.611949747165533;3.9769135714285713;0.0879714000589569;5.666221492698413;0.1276293286575963;3.792981172789116;0.1418470949546485;2.7944924795918364;20.097792709750568;0.2545019228117914;2.566369051020408;13.060430669354838;12.85997183446712
90;2024-03-31;0.5648098629251701;3.665507805442177;0.079231333015873;5.659312632312925;0.1247987693900226;3.5190212956916103;0.127714619201814;2.62990490430839;18.7150162324263;0.2330651410430839;2.5284321222222226;13.179849274193549;12.960419942176872
91;2024-04-01;1.0717958546938775;7.123588250113379;0.1483529174829932;11.062223641451247;0.2403559665079365;6.869992839909297;0.2368617507936508;5.142443078231293;36.65351063265306;0.4462252179818594;2.5294816603174604;13.28432618548387;13.039576636054422
92;2024-04-02;1.3912762194331063;9.155272311791384;0.1904553992358276;14.940688671882087;0.3303540729070294;8.491692238321995;0.2919477674603175;6.67928876462585;47.56381000680272;0.5785189787301588;3.045397778684807;13.41866887903226;13.133604777777778
93;2024-04-03;1.136343153628118;7.378936316099773;0.1542030690340136;12.889983108390023;0.2905905219773242;6.601816364852607;0.2290969206349206;5.396497240362812;37.88722928117913;0.4624526395011338;3.366653584580499;13.52279804032258;13.221795071428572
94;2024-04-04;0.9445383526984128;6.050538963945578;0.1271769850385487;11.150264157142855;0.2551437130975056;5.316047290249433;0.1870059159410431;4.423768859410431;30.568374405895693;0.3752117403854875;3.4002613260770973;13.586385629032256;13.303185867346938
95;2024-04-05;0.8071836630612246;5.10516156031746;0.1072273376077097;9.845128110884357;0.2265299249024943;4.473539327210884;0.1583320611972789;3.755050226530612;25.636772587301586;0.3150943375736961;3.2805735816326527;13.635521685483871;13.416922924036282
96;2024-04-06;0.7078345227210884;4.433269351473923;0.0922434247596371;8.876617050566894;0.203378894063492;3.925823275283447;0.1382695743514739;3.3029924235827663;22.400198408163263;0.2739426285260771;3.108668504761905;13.739444016129031;13.651650078231294
97;2024-04-07;0.6345366795918367;3.942510153741497;0.0807001495963718;8.163903561451248;0.1849750040181405;3.561634528117914;0.123679749356009;2.9936129269841274;20.25530585260771;0.2451817778458049;2.9396462199546485;13.83992089516129;13.840842895691608
98;2024-04-08;1.0803109719501134;6.853598641950113;0.1330687677210884;14.640185873696144;0.3209831452040816;6.329553050113378;0.2065556148979592;5.326206134693877;36.09113407482993;0.4197034459183673;2.9047706185941045;13.898780201612905;13.978825052154194
99;2024-04-09;1.3395491558049886;8.244284796825397;0.1594922262086167;19.40084964444444;0.4254913363492063;7.367976053741496;0.2417125984807256;6.61548871473923;44.37275155328798;0.5128529975736962;3.432069231972789;13.985013032258063;14.126513401360544
100;2024-04-10;1.0921044989342403;6.4817615619047615;0.1264984870566893;16.89184531133787;0.3716068592970521;5.686254902040816;0.1902963075623583;5.314083273696146;34.709135696145125;0.4037028508163265;3.665476723809524;14.077030556451612;14.21963958956916
101;2024-04-11;0.91317122861678;5.281068019274377;0.1027545514580498;14.93154647505669;0.3263300887528345;4.672658925396825;0.1563869876553288;4.428842038321996;28.26082911564626;0.3276996003854875;3.603332576190476;14.294261741935484;14.302419459183676
102;2024-04-12;0.7857896297052154;4.488470660090703;0.0854350618730158;13.467697366213152;0.2898634443764172;4.074046821995465;0.1327627372766439;3.863037475510205;24.326233718820863;0.2777283870975057;3.431819297052154;14.57495475;14.513377302721088
103;2024-04-13;0.6908060944671203;3.9303047346938778;0.0725052792448979;12.267858896825397;0.2594674428344671;3.686223951927438;0.115222133079365;3.4743235696145125;21.807494181405897;0.2436112384580498;3.240510131746032;14.744920491935485;14.739953574829933
104;2024-04-14;0.6142210161451247;3.510052852834467;0.0621926422539682;11.240270926303856;0.2329713953287981;3.4190583290249434;0.1011713338231292;3.1880936557823127;20.087740716553288;0.2178856443990929;3.0565827702947845;14.895100951612903;14.997823388888888
105;2024-04-15;1.0012319785714283;5.884253423582766;0.0943292600498866;20.270199422902493;0.3975831931519274;6.002928923582767;0.1571675317732426;5.616164236054423;35.23658729024943;0.352151993968254;3.009039495238095;15.03804235483871;15.30044246371882
106;2024-04-16;1.213341639546485;7.040483730612245;0.1095572812653061;26.31138356462585;0.5155220817913833;6.947464911111111;0.1757513322448979;6.894599359183673;42.43585806802721;0.4125109446712018;3.5283887696145126;15.062820467741934;15.506102421768707
107;2024-04-17;0.9844451387301588;5.661940702267573;0.0863270412108843;22.75708415419501;0.4424008658049886;5.479089681859411;0.1359285854920635;5.624118850113378;33.59130983219955;0.3197886440816326;3.7949949283446713;15.339793596774197;15.470179277777778
108;2024-04-18;0.8151126145351474;4.639368582993197;0.0697317104195011;19.681027027210884;0.3790852228571428;4.468910053741497;0.1098814077188208;4.684120732426304;27.420141512471652;0.2564142740136054;3.7582894936507936;15.409237241935482;15.43484834240363
109;2024-04-19;0.7020261151473923;3.939209866439909;0.0589292930113378;17.038948732426302;0.330032024739229;3.8227303843537417;0.0943861036031745;4.028422550340136;23.54018014739229;0.2186786954648526;3.5710608736961453;15.460980951612903;15.344850115646258
110;2024-04-20;0.622935143968254;3.4512061501133786;0.0514942049229025;14.882570530839002;0.2911027640136054;3.4131972752834465;0.084813998494331;3.5696608240362813;21.08895507936508;0.195524176371882;3.3522910918367343;15.512382193548389;15.303630030612243
111;2024-04-21;0.5627549782539683;3.1077048680272106;0.0457816019342403;13.232441764172336;0.2584830811337868;3.17636355170068;0.0785820172721088;3.256407558503401;19.56037945351474;0.1799082783219955;3.156907710884354;15.5123125;15.2729321723356
112;2024-04-22;0.8264821898185941;4.602323765079365;0.0668557948095238;19.02026823809524;0.3681218300680272;4.867004199773242;0.1198096153900226;4.843316953741496;29.630205551020406;0.2716949478231292;3.0698515034013605;15.242567443548388;15.088917240362813
113;2024-04-23;1.0194349697959184;5.617535714285714;0.0828190878707482;23.31377160884354;0.4557474466666666;5.832305132879818;0.1470642234965986;5.883065930839002;35.83317670748299;0.3338042105215419;3.372217829705216;14.780884080645162;14.751058790249434
114;2024-04-24;0.8991378438548753;4.946211323582767;0.0730829171723356;20.865839108843534;0.4074142266666667;5.08027386031746;0.1296297520748299;5.145315183219955;30.85145590249433;0.2890109536961451;3.566405122675737;14.610278806451612;14.576212232426304
115;2024-04-25;0.7995298345124716;4.424363585487528;0.0642392910544217;18.97774764399093;0.3679358079138322;4.546242791156463;0.1150355069070294;4.59353550090703;27.17407022222222;0.2523192270521542;3.627212049886621;14.520151387096774;14.45445452154195
116;2024-04-26;0.7196675806802721;4.017458448526077;0.0568520399501133;17.367937785714286;0.3340599097959183;4.176412948526077;0.1037913987845804;4.17789792063492;24.5729643015873;0.2249642327437641;3.5873052603174607;14.483202758064516;14.418760080498863
117;2024-04-27;0.6525081554875284;3.682810144444444;0.0506469754716553;15.852571650793651;0.3028178624263039;3.910805451020408;0.0948359314104308;3.844415563038549;22.68679816326531;0.204207385510204;3.482556569841269;14.557580975806452;14.481467624716553
118;2024-04-28;0.5948107248072563;3.399027156689342;0.0453978107936507;14.465866011337868;0.2743284008163265;3.705910263492064;0.0874031778253968;3.5682885936507938;21.248658671201813;0.1876813337414966;3.3481168319727894;14.654515491935484;14.577758976190475
119;2024-04-29;0.9215021986848072;5.410675548526077;0.0685349201201814;23.004119659863942;0.4231423311564625;6.136310363265307;0.1367050511927437;5.755865944897959;34.51928407256236;0.2931198965306122;3.318526457142857;14.82107229032258;14.78914916213152
120;2024-04-30;1.1075417571655328;6.559381273696146;0.0807416666553288;28.828395709750566;0.5261120583446712;7.246277198866212;0.1568031413832199;7.009904770975057;41.48480068480725;0.3438848897732426;3.776295631972789;15.031120508064514;15.084913433106577
121;2024-05-01;0.9117979426984129;5.445711976870748;0.0657100286575963;24.651598950113375;0.4482249138321996;5.84064551201814;0.1244554484761904;5.795879348752835;33.6125937845805;0.2734075507936508;3.982228675056689;15.226155403225803;15.268750060090705
122;2024-05-02;0.7640095077551021;4.572388953741497;0.0544035116077097;21.09284306349206;0.3831652179138322;4.845401811337869;0.1028916702494331;4.872691342176871;27.96166045124716;0.2235491083219954;3.918073952834467;15.41569629032258;15.442495692743764
123;2024-05-03;0.6558873798639456;3.9313998142857134;0.0461214141269841;18.248945318594103;0.3307012475056689;4.204943613151928;0.0887974775056689;4.215016634693878;24.194909092970523;0.1902672381179138;3.715767769387755;15.557687008064516;15.57438096371882
124;2024-05-04;0.5772190671655328;3.4773863265306124;0.0402361616916099;15.990260411564623;0.2882966057596371;3.807081956462585;0.0796551828163265;3.755353434920635;21.789511569161;0.1690311190022675;3.4896835841269844;15.717763467741936;15.718963358276644
125;2024-05-05;0.5166845620181406;3.1471876775510204;0.0355626764557823;14.317622252834466;0.2535520722902494;3.588756559637188;0.0733419222040816;3.449143152380952;20.336150480725625;0.1542278908321995;3.296077755328798;15.873328427419354;15.896597520408164
126;2024-05-06;0.8037472922448979;4.960249389569161;0.0530094234172335;23.40515801360544;0.3933590757369614;6.067533185714286;0.1148227488707483;5.706322075283447;34.04292244444444;0.2425560430385487;3.2674761217687074;15.984810612903226;16.022874077097505
127;2024-05-07;0.9678798641723356;5.9511839036281176;0.0628647211496598;29.389312441043085;0.4907761706349206;6.96829746462585;0.1303264611405895;6.906837856916099;40.573257936507936;0.283912511201814;3.817627368253968;16.08296589516129;16.135841091836735
128;2024-05-08;0.794367273015873;4.915024290249433;0.0524198243151927;24.51578548185941;0.4118147178684807;5.449496660544218;0.1046613218321995;5.562881973922902;31.874275433106572;0.2254714114058957;4.045660529478458;16.198023008064514;16.24679912585034
129;2024-05-09;0.6645821113605441;4.134800972108844;0.0445256004512471;20.325182037414965;0.3444583411564626;4.499452905442177;0.0886521933492063;4.593615763492064;26.163951811791385;0.186945974739229;3.92814029047619;16.35378684677419;16.347977090702948
130;2024-05-10;0.574090283446712;3.5845934190476187;0.0387812267891156;17.170168333333333;0.2927398438095238;3.9480251131519273;0.0789687281360544;3.960159987981859;22.819131639455783;0.1636004856462585;3.706246952834468;16.56792062903226;16.516201774376416
131;2024-05-11;0.5067808014285714;3.193364459863946;0.034354354095238;14.788160733560092;0.2517699149886621;3.624271441496599;0.0724206548526077;3.5304038648526075;20.75904861904762;0.1482358772335601;3.478677033106576;16.781516016129032;16.75283962244898
132;2024-05-12;0.4528499806122449;2.898005593197279;0.030578227356009;12.991099765306124;0.2184842752154195;3.437137737414966;0.0671889825714285;3.2297108936507937;19.43028676870748;0.1365984967528344;3.2786890673469387;16.938531483870968;16.98002331972789
133;2024-05-13;0.682352537755102;4.422405066893424;0.0444139547437641;20.31415993424036;0.3256745772562358;5.613329023356009;0.1022279769433106;5.149099797278911;31.439301712018143;0.2100360275736961;3.2081207977324264;17.068209129032258;17.144963916099773
134;2024-05-14;0.7836277741043084;5.114946787981859;0.0506936474489795;24.120992435600908;0.3855073878594104;6.226705797278912;0.1118327771292517;5.932124315646258;35.72284476870748;0.2355939631609977;3.6240253929705215;17.220656903225805;17.261230528344672
135;2024-05-15;0.6262582859863945;4.149736495918368;0.0413069199773242;19.35564552653061;0.3130138780861678;4.85961502494331;0.0882645045555555;4.6687283378684805;27.65974134807256;0.183672982723356;3.7043129990929695;17.362963241935486;17.373550977324264
136;2024-05-16;0.5226460080272108;3.475766390702948;0.0351242435192743;15.708541321995463;0.2592757203401361;4.022686545124717;0.074815250770975;3.830341383446712;22.757100925170068;0.1534307927369614;3.5251668814058954;17.514060758064517;17.45790039229025
137;2024-05-17;0.4528947081859411;3.0325507732426304;0.0306369235487528;13.25302997936508;0.2194527523356009;3.583227067120182;0.0670937865192743;3.327531672335601;20.0615713015873;0.1357112452222222;3.296533521768707;17.650884951612905;17.558326984126985
138;2024-05-18;0.3977191283446712;2.707784607482993;0.0268046084365079;11.466712832879818;0.186812433015873;3.341669532199546;0.0612769715306122;2.9954689287981857;18.429459099773243;0.1228251147891156;3.073875175283447;17.77457569354839;17.801698603174604
139;2024-05-19;0.3559786721088435;2.445319026530612;0.0238015372517006;10.084799060544215;0.1618588868707483;3.1753627526077097;0.0568151783333333;2.751392816099773;17.311232047619047;0.1135030690204081;2.8967163873015878;17.939301693548387;18.03490912244898
140;2024-05-20;0.7669141236734693;5.128583006349206;0.047165025861678;23.45030245464853;0.3507859985941043;7.385624011337868;0.1212411013378684;6.380791415192744;40.60498536054422;0.2477219966439909;2.966467326984127;18.03159298387097;18.196902843537416
141;2024-05-21;0.965202683106576;6.433912301360545;0.0594882655873015;31.213116460317465;0.4721711660770974;8.30990222585034;0.1383828477052154;7.85093754829932;48.25431683900227;0.2951604062358277;4.014320531292517;18.101714032258062;18.291415421768708
142;2024-05-22;0.7369328922222222;5.0008953825396825;0.0473850151156462;24.668074563492063;0.3796302282086168;5.81782897414966;0.1011803116848072;5.717151356235828;33.119015637188205;0.2087373352834467;4.372460848072563;18.202662564516128;18.41568990249433
143;2024-05-23;0.5895431831292516;4.042477155782313;0.0390300611496598;19.633175623582765;0.3050975027664399;4.539720434920635;0.0815254917120181;4.473888112471656;25.471282455782315;0.16389012723356;4.119298377777778;18.377141451612903;18.65195942176871
144;2024-05-24;0.491154265941043;3.387410178684807;0.0331781854070294;15.85809673356009;0.2478420041043084;3.832518380725624;0.0700410845464852;3.715902114512472;21.51279887301587;0.1400929929387755;3.7509816975056687;18.54280722580645;18.832999664399093
145;2024-05-25;0.4247778423809524;2.931782408866213;0.0292137357283446;13.058493702947846;0.2057315271201814;3.4114931376417235;0.0631106171428571;3.21808726031746;19.2152768798186;0.1267219625056689;3.430704172562358;18.64085906451613;18.93164482086168
146;2024-05-26;0.3781148213605442;2.623156219319728;0.0263926300902494;11.039856863492062;0.1744509289569161;3.1760026585034016;0.0587376784126984;2.890534442176871;17.847396571428572;0.1185335825260771;3.1890946480725626;18.77752135483871;19.10965590022676
147;2024-05-27;0.8536801418367346;5.497858849886621;0.0520978308979591;27.75461577437641;0.3963336552380952;7.884573790929705;0.1301169753786848;7.221534128117914;45.52135865986395;0.2751316783219955;3.291969519501134;18.92531779032258;19.29975367346939
148;2024-05-28;1.047118492063492;6.709767007482993;0.0641650292267573;35.954593268707484;0.5224470628344672;8.402922934693878;0.1432240028027211;8.54153808956916;51.43117120181406;0.3172823967120181;4.642879432199547;19.023527951612905;19.424287154195014
149;2024-05-29;0.7573266375736961;5.021943670294784;0.0497950708299319;25.967879732426304;0.39276494;5.529556420861678;0.1007464482630385;5.762938975510204;32.63588590702948;0.2140201785034013;4.763237916099773;19.210057112903225;19.49726196371882
150;2024-05-30;0.5842109544217687;3.931095270068028;0.0401751440385487;19.091400807256235;0.2978316355555555;4.190157742176871;0.0798390145714285;4.306205165079366;24.461806551020405;0.1663651595328798;4.209298458503401;19.31326064516129;19.60241534013605
151;2024-05-31;0.4744607681405896;3.2067491519274376;0.033440257430839;14.62835686281179;0.2319504818594104;3.4859775839002265;0.0678226279977324;3.4801104263038547;20.440240553287985;0.1412474002244897;3.680539602040816;19.406354903225807;19.620661308390023
152;2024-06-01;0.4006679263945578;2.716727938820862;0.0285085270070294;11.73091380861678;0.1861017994195011;3.1074241149659865;0.0602336992471655;2.981619746485261;18.22437016780045;0.1258239001950113;3.2930318641723355;19.539274129032258;19.736048641723357
153;2024-06-02;0.3481161853741497;2.376263920975057;0.0246949938258503;9.774869689795915;0.1534068499591837;2.906294828344671;0.0549284469682539;2.663749089342404;16.907559755102042;0.1150858943628117;3.027928229251701;19.708593016129036;19.91106987528345
154;2024-06-03;0.6147793652154195;3.996512674376417;0.0385719635306122;18.89002446780045;0.2683909524716553;5.900298496825396;0.0984696328820861;5.240273315192744;34.09644276417234;0.2093468153741496;3.0142232190476195;19.79583191935484;20.039338480725625
155;2024-06-04;0.7369647329478458;4.835140661678004;0.0461128277823129;23.822674070294784;0.3379268531972789;6.684995016780046;0.1118651819002267;6.220645396145124;39.30493297278911;0.2410598702494331;3.7762216253968255;19.891939951612905;20.185569965986392
156;2024-06-05;0.5684038713151928;3.86689199138322;0.0374312328931972;18.467171756235828;0.267938473446712;4.8877066768707484;0.0849848247120181;4.608152228571429;28.076054653061227;0.1780493405215419;3.959630177324263;20.06148187096774;20.378928009070293
157;2024-06-06;0.4578907383219955;3.160159051269841;0.0310118774244897;14.457684863265303;0.2135895314512471;3.903089182312925;0.0697346031814059;3.650250140589569;22.282067414965987;0.1435547272993197;3.720508663945578;20.262917209677425;20.67579106575964
158;2024-06-07;0.3848263164399093;2.65709671138322;0.0264557870750566;11.542822232879818;0.173345502585034;3.339248451020408;0.0608288355510204;3.057003536961451;19.144874009070296;0.1241961901632653;3.4241867092970524;20.394368612903225;20.91415089342404
159;2024-06-08;0.3349219727437642;2.299510006054422;0.0232323748569161;9.421968297052151;0.1436978356417233;3.0059064498866217;0.0554810302562358;2.666407051020408;17.269498972789115;0.1125107310884353;3.1739642092970524;20.479918967741938;21.06926732653061
160;2024-06-09;0.2966006510204081;2.0205730583900228;0.0205204309024943;7.858960924716554;0.1206544367936507;2.802425984807256;0.051558010877551;2.3917268653061226;16.0187615170068;0.1038677725941043;2.975144925170068;20.596854016129036;21.258228680272108
161;2024-06-10;0.6043977721315194;3.691932539183673;0.0350856398238095;17.66850998707483;0.2464459197732426;6.475886504081633;0.106045150755102;5.418300211337869;37.18327139909297;0.2168210626077097;3.034545940589569;20.71242364516129;21.39712360317461
162;2024-06-11;0.7088649701360544;4.461655681405896;0.0421754450362811;22.137952487528345;0.3150056822675737;6.830157594331065;0.1143892843605442;6.14391400521542;40.29719993877551;0.237294558276644;4.001642419727891;20.85386775806452;21.52755673469388
163;2024-06-12;0.5104776155782313;3.4400426464852605;0.0327484820986394;17.237258999999998;0.2388910127664399;4.719056329705215;0.0799521468820861;4.349525644671202;26.79794814058957;0.1588859748004535;4.16243596984127;21.077433;21.66190857596372
164;2024-06-13;0.4114820693197279;2.8850703956916104;0.027622001409297;14.686683153061225;0.1913030413832199;3.847632056689342;0.0656769461814058;3.5742720537414967;21.47187790702948;0.1268800802857143;3.907440968027211;21.263312129032258;21.597266356009072
165;2024-06-14;0.3540489271655329;2.521426471655329;0.0244151833832199;12.222942888435377;0.1572772332426303;3.42725075260771;0.0592263203764172;3.0937787437641724;18.953723747165533;0.1131301901609977;3.5571579714285715;21.2872005;21.571257752834462
166;2024-06-15;0.3091841393424036;2.2176813063492062;0.0213074763197278;10.2141713;0.1297387029047619;3.2144564848072563;0.0542702833197278;2.762153353968254;17.499530090702947;0.1038676762335601;3.287831049886621;21.386885822580645;21.73161689342404
167;2024-06-16;0.2741724192063492;1.973245733469388;0.0184818185802721;8.843992334920635;0.1086800136190476;3.1375614346938776;0.0503244184739229;2.550998700453515;16.65718401360544;0.0966861680272108;3.117020078458049;21.546340096774195;21.941315448979594
168;2024-06-17;0.8324630422675736;5.793317120408164;0.0477342788458049;31.31512643106576;0.3275331841269841;11.403052064172336;0.1539596039931972;9.040032254875284;59.968888444444445;0.3032359741950113;3.5344101099773244;21.77798385483871;22.22107666893424
169;2024-06-18;0.962729945351474;6.984960040362813;0.0579714113956916;41.0879090600907;0.4419253216326531;10.090298014965986;0.1476390459183673;9.810464231746032;59.562400045351474;0.3151941668027211;6.010175027664399;22.05186477419355;22.51559148526077
170;2024-06-19;0.6237600489795918;4.625443905895692;0.0403735526224489;27.440336659863945;0.3141669378231292;5.444413066213151;0.0888620750952381;5.700374685714285;30.894300630385487;0.1803574842607709;5.556811081405896;22.296133612903223;22.770833394557823
171;2024-06-20;0.4662773362811791;3.3331103986167805;0.0310346484321995;18.735842492743764;0.2288748577777777;3.8573267718820863;0.0679228817482993;4.016036842630386;22.266161126984127;0.1384449489206349;4.501163000226757;22.42721904838709;22.91771306802721
172;2024-06-21;0.380953103015873;2.60201272462585;0.0257447911421768;13.58696397324263;0.1739201558480725;3.2053776984126983;0.0589349675668934;3.1868444058956915;18.84777743310657;0.1223531878299319;3.8480273217687073;22.54213867741936;23.053314299319727
173;2024-06-22;0.3272736832879818;2.16985176446712;0.0222255161945578;10.522086486394558;0.1363557088072562;2.9724964317460314;0.0543927417981859;2.751324390702948;17.35145698185941;0.1142997168004535;3.4873904836734693;22.736654016129037;23.202756170068028
174;2024-06-23;0.292765732063492;1.935084377301587;0.0201397874698412;8.434772180725624;0.1107612689705215;2.8762410430839003;0.0519675823061224;2.472722919727891;16.426576538548755;0.109897094510204;3.245230392063492;22.85459235483871;23.25905261904762
175;2024-06-24;0.569217752154195;3.712863669614512;0.0353439455759637;17.336969584353742;0.2099710429727891;6.584561048526077;0.1040060821451247;5.354206794784581;36.616085264172334;0.2198966819954648;3.293936920408163;22.93555366129032;23.16154170521542
176;2024-06-25;0.6158156742176871;4.308853143537415;0.0414532278163265;18.962784640136054;0.2429600007346938;6.29930417755102;0.1052422502267573;5.450428631972789;35.83419964172335;0.2261601958503401;4.037649873696145;22.88075462903226;22.91841042176871
177;2024-06-26;0.4498634778004535;3.338819544444444;0.0327287191609977;13.081599540136054;0.1792799177573696;4.3802851113378685;0.0769012987891156;3.739236363945578;24.07013092517007;0.1609535413605442;3.7911298718820863;22.748593;22.933648179138324
178;2024-06-27;0.3585217039002267;2.707609220181406;0.026111548063492;10.039984632879818;0.1403515340385487;3.59252312154195;0.0624263053015873;2.995046302947846;19.600437725623586;0.1296323163446712;3.437938323356009;22.760864661290324;23.08561245578231
179;2024-06-28;0.297889020861678;2.2666947285714287;0.0213131298746031;7.977769236961451;0.1118960080702947;3.173564674376417;0.0537102673673469;2.555323053514739;17.245847064625853;0.1109696153310657;3.1355057977324265;22.85581956451613;23.279355961451248
180;2024-06-29;0.2544147176417233;1.9415906195238093;0.0177465211900226;6.495729669614512;0.090654095324263;2.923912251020408;0.047872489600907;2.259055526077097;15.74743292743764;0.0981416116961451;2.902482765759637;22.95528291935484;23.51528253968254
181;2024-06-30;0.2208385489569161;1.6710794845804988;0.0148821415120181;5.379536940136054;0.0744222533197278;2.7476169972789117;0.0434645725238095;2.0331504034013608;14.59957075510204;0.0880695813922902;2.7198144310657595;23.060705612903227;23.746261263038548
182;2024-07-01;0.6382945674376417;4.478709999546485;0.0365986965555555;17.126502842403628;0.2166376637482993;8.844958597052154;0.1268199184058956;6.511224811111111;47.6845243968254;0.2582382883219954;2.9673172700680275;23.057009322580647;23.885890507936505
183;2024-07-02;0.7152313892517007;5.344992680045352;0.0445919189501133;21.753953097959183;0.2901121368843537;7.999801986621316;0.1230080648820861;6.719045927891156;45.52980092970522;0.2575192707936508;4.596753753968254;23.15133832258064;23.918698498866213
184;2024-07-03;0.4724291541269841;3.686011554875283;0.0321582982585034;14.82264953356009;0.2105612469841269;4.609974866213152;0.0770319015192743;4.040742126077097;25.3702680861678;0.1526777081201814;4.218420686848073;23.273936;23.95615065759637
185;2024-07-04;0.3647992404988662;2.820005172108844;0.02568359530839;10.613466784126985;0.1585913923151927;3.414150187301588;0.0605926551451247;2.9976056458049887;19.123644603174604;0.1199315981972789;3.556309170068027;23.34110256451613;23.950426791383222
186;2024-07-05;0.3038914067800453;2.3115578605442177;0.0215697430891156;8.145143385714285;0.1241104408480725;2.908529797052154;0.0527413619909297;2.4918050160997733;16.536428197278912;0.1054698605668934;3.1550439968253965;23.478745564516128;24.0579182154195
187;2024-07-06;0.2610482549433107;1.9462779904308392;0.0182777168421768;6.545528655782313;0.0992233741655328;2.656563449886621;0.0474550473673469;2.1914139197278915;15.148595943310657;0.0960921160340136;2.921282301814059;23.61847120967742;24.21396468253968
188;2024-07-07;0.2286714676870748;1.666379390430839;0.0155740726807256;5.417267064172336;0.0807346604671201;2.522133182312925;0.0435432724988662;1.9866097857142857;14.233537176870747;0.0888194623424036;2.777344275510204;23.725050193548388;24.390265929705212
189;2024-07-08;0.5856387596598639;3.921733582086168;0.0333474490374149;15.81641561043084;0.2037872055192743;7.603956124263039;0.1129081884444444;5.839354858503401;42.7301507494331;0.2355959187210884;3.041540153968254;23.85903314516129;24.549159777777778
190;2024-07-09;0.6347293970975056;4.596851724489796;0.0393610012959183;19.815490752380956;0.2608314455646258;6.79420499569161;0.1072591531927437;5.890332519727892;39.47744066553288;0.2272777954852607;4.532078631292517;24.023112693548388;24.78032331292517
191;2024-07-10;0.4110777160544218;3.156806486848073;0.0280312119487528;13.062243808163265;0.1797553663537414;3.934488050566893;0.0671155478480725;3.522872379138322;22.120928901360543;0.136175591648526;4.013794898639456;24.194765112903227;25.03049242403628
192;2024-07-11;0.3073062965986394;2.3403214849433107;0.0215119053290249;8.873180693424036;0.1267144716961451;2.929376049206349;0.0519463610430839;2.5862811598639457;16.892494833333334;0.1071335574489796;3.344895765079365;24.35820348387097;25.284876977324263
193;2024-07-12;0.2484917581179138;1.8602673572108843;0.0175200003748299;6.359156667346938;0.0930292072358276;2.4762381344671205;0.0444186801519274;2.1018899163265305;14.527015962585034;0.093523870648526;2.939810431292517;24.501047822580645;25.438340206349206
194;2024-07-13;0.2107109699546485;1.546744677687075;0.0147567670780045;4.787008088208617;0.0710268503582766;2.2390912666666667;0.0398764731315192;1.8099216548752837;13.14621520181406;0.0850508789841269;2.693525032879819;24.65929304838709;25.538943861678003
195;2024-07-14;0.184184132154195;1.3238587736734693;0.0126353479131519;3.778346707256236;0.0559767867369614;2.1237361609977325;0.0368686090816326;1.6239911149659862;12.261951232426304;0.0787033880907029;2.5366125975056693;24.80511970967742;25.6962221292517
196;2024-07-15;0.4181785638503401;2.63637235829932;0.0226926816743764;10.142230281587302;0.1277579454580499;5.856744299954649;0.0859254319002267;4.29645590521542;32.92212254489796;0.1818025059070294;2.7159870786848077;24.917796177419355;25.84539275963719
197;2024-07-16;0.4358240437378684;3.0629010613310657;0.0263362929502721;12.402791737641722;0.1591130991287981;5.191043540866214;0.0810935812936508;4.160085531170068;29.264288883786847;0.1692810722603174;3.725360974376417;25.037952274193547;26.011043616780047
198;2024-07-17;0.2895932250834467;2.222737453310658;0.0197605905988662;8.199060796439909;0.1100729688269841;3.1391545289115648;0.0528530310993197;2.57372994254195;17.323805768231292;0.1069066348117913;3.261173725396825;25.184556096774195;26.154579256235827
199;2024-07-18;0.2205297098503401;1.7360651069160995;0.0158612422961451;5.5256995095691614;0.0777291035031746;2.377275533605442;0.0415619949396825;1.9212341678231293;13.415769197891157;0.08537736942517;2.7733786315192743;25.42687770967742;26.165819775510204
200;2024-07-19;0.1790010399002267;1.4370908263492064;0.0132366923190476;3.89400476723356;0.056555519331746;2.009162688639456;0.0353295986528344;1.5690449551473924;11.48828064217687;0.0738792298605442;2.4759241591836734;25.63109162903226;26.216891090702948
201;2024-07-20;0.1531031134535147;1.2231471222675738;0.0113033231834467;2.9154256552380957;0.0433102647959183;1.8066831565986397;0.0315991633730158;1.3614634513151929;10.392305028344673;0.0668903625442176;2.3061936068027213;25.73746541935484;26.097625471655327
202;2024-07-21;0.1358707740408163;1.0624060922675738;0.009778417670975;2.3023915800453514;0.0345899558707483;1.701235463605442;0.0293327243015873;1.2344969657596372;9.747930108390022;0.0621696760816326;2.207275574829932;25.84551156451613;25.97662182312925
203;2024-07-22;0.2855943757414966;2.16159142893424;0.0187584293356009;5.133376125782313;0.0716678319693877;4.0040205023809525;0.0634101670907029;2.7970105280498867;22.265137158049885;0.1317579460181406;2.3020766142857143;25.85734169354839;26.047797433106577
204;2024-07-23;0.3094057720654597;2.5486951745391613;0.0221554536654528;6.330646319376394;0.0902834827300861;4.051954346660318;0.06565502326778;2.9029039881537866;21.903551065861723;0.1313118122361292;2.8641835133786846;25.89456606451613;26.10395773696145
205;2024-07-24;0.217464001029932;1.8842958277619049;0.016475033811678;4.626246761555556;0.0674104511621768;2.7552660530272117;0.04569557656839;1.9798044941564628;14.491844513333334;0.0878829389839002;2.7270617757369617;25.91004072580645;26.139051154195013
206;2024-07-25;0.1725925030113378;1.4715028965079366;0.0130072119383219;3.463154500770975;0.0516005736653061;2.173195912154195;0.0368520538192743;1.5605034647845806;11.618187761678003;0.0711326642229024;2.465012996825397;25.924942693548385;26.09570894557823
207;2024-07-26;0.1467092314013605;1.2087343120181406;0.0107310970689342;2.709845658684807;0.0407860305174603;1.8865367030385487;0.0322567839716553;1.338708341201814;10.2593828861678;0.0629353195011337;2.2779782437641725;25.913246354838712;26.13754815873016
208;2024-07-27;0.1297650835147392;1.030416483628118;0.0091346911022675;2.1962178729251702;0.0330809896984127;1.732324036621315;0.029496207324263;1.2052548135827663;9.504098955555556;0.0580531950907029;2.1566337249433105;25.942269016129032;26.274357086167804
209;2024-07-28;0.1166613592358276;0.8969286071428572;0.0079328085492063;1.7908939348526076;0.0270072340680272;1.6205353133560092;0.0274402891950113;1.1022401889115647;8.918524059637187;0.0542810273877551;2.05669081292517;26.006964532258067;26.45460741043084
210;2024-07-29;0.1988951953628118;1.4698788141950114;0.0125911741201814;3.037508600272109;0.0437196579099773;2.983041707482993;0.0481990846587301;1.9625308125623584;16.059940043310657;0.0943852786643991;2.0171284782312924;26.14065548387097;26.27293852607709
211;2024-07-30;0.223338563984127;1.695940269319728;0.0147817509852607;3.499880442789116;0.052056374685941;3.168097106825397;0.0534596109807256;2.1219418973015878;17.09938429160998;0.1030408275963718;2.204240993197279;25.961961822580648;25.954700693877548
212;2024-07-31;0.1797075433922902;1.376851188095238;0.0122405864378684;2.7401619808163264;0.0421247842210884;2.4636451030839;0.043309980095238;1.6587017707936509;13.323762397732423;0.0820321927278911;2.180011447165533;25.850790112903223;26.032454004535147
213;2024-08-01;0.1556590046507936;1.1680492178684807;0.0105599556056689;2.2307613434920635;0.0352515572993197;2.101629185918368;0.0379999934716553;1.417149298435374;11.505351332426304;0.0718474983061224;2.103359289342404;25.834798096774197;26.162047696145127
214;2024-08-02;0.1394436045714285;1.0140932235600908;0.0093711946562358;1.8186150323809525;0.0295856381961451;1.8592902301587304;0.0346430840997732;1.253419815941043;10.349038939229024;0.0658436875238095;2.0276621541950117;25.846731016129034;26.25221424943311
215;2024-08-03;0.1271181467074829;0.8928807233560091;0.0084711165628117;1.467763079931973;0.0246473938095238;1.6735317977324264;0.0321925763764172;1.1282525968253967;9.504855136961451;0.0618070596303854;1.9558693945578232;25.91123737096774;26.25493392290249
216;2024-08-04;0.1180614766553288;0.7980199057596372;0.0077972995022675;1.19680586585034;0.0207627016111111;1.530825769750567;0.0304309298548752;1.0324463554875285;8.863704332653061;0.0590705455895691;1.897418985260771;25.8667465;26.171042
217;2024-08-05;0.2502636622290249;1.6449751973696145;0.0155189071725623;2.6485559551473927;0.0441446293106575;3.4259172814512477;0.0648060245328798;2.256488835782313;19.358416701360547;0.1257941007188208;1.9596531444444445;25.825650532258063;26.197314696145124
218;2024-08-06;0.2935088464761904;2.062962040929705;0.0199472081612244;3.372928074684808;0.058408419254195;3.76183174244898;0.0746510350482993;2.504196320589569;20.8526331845805;0.1405021837052154;2.3620760192743764;25.85903564516129;26.1962281723356
219;2024-08-07;0.2238415024965986;1.6360871978004534;0.0164135575247165;2.592824091043084;0.0464853985668934;2.708796623446712;0.056682054324263;1.8167726992743765;14.863563858956915;0.1042604919183673;2.3502717131519275;25.86280856451613;26.23110002947845
220;2024-08-08;0.1858515675351474;1.334028963401361;0.013874300848526;2.020256592335601;0.0372022733900226;2.155522820725624;0.0470137284263038;1.466746906621315;12.09115409229025;0.0877612642607709;2.199734831519274;25.85186491935484;26.326237335600908
221;2024-08-09;0.1612431750680272;1.1176593934920636;0.0120023781986394;1.581592204557823;0.0297326314546485;1.8227460798185944;0.0410018498253968;1.253726551043084;10.522720424489796;0.0785063150362811;2.057627670521542;25.915984112903224;26.386734090702948
222;2024-08-10;0.1438969445736961;0.955313039047619;0.010547055494331;1.262528287936508;0.0241043065408163;1.603858947165533;0.036834689217687;1.109055830090703;9.486969238548753;0.072410893217687;1.9506107752834467;25.953055741935483;26.506966487528345
223;2024-08-11;0.1309495920181405;0.8311203748752835;0.0093798070333333;1.0313903263718822;0.0198312009807256;1.454638288888889;0.0337458769319727;1.005905643696145;8.753718403854876;0.0679927068185941;1.8711733020408163;26.0293074516129;26.666059473922903
224;2024-08-12;0.2043569020521541;1.257224437777778;0.0134729680659863;1.763349159478458;0.0313857555714285;2.48329734324263;0.0523791335600907;1.6723952971201812;14.564872002494331;0.107119044510204;1.8652064269841269;26.093412403225805;26.79223689569161
225;2024-08-13;0.2246179077006802;1.4454402666666668;0.0156806614070294;2.0855720365192743;0.0375514478687074;2.62758488968254;0.0571716233387755;1.7678567027210883;15.055682633786848;0.11421417492517;2.0592323233560093;26.148231516129037;26.928048403628114
226;2024-08-14;0.1785864526530612;1.1697250040362812;0.0132015861628117;1.5891231803628116;0.0291980410058956;1.9846441357142857;0.0456822592811791;1.341133149365079;11.350105014285717;0.090504565877551;2.008167478004535;26.165766612903223;26.9891497845805
227;2024-08-15;0.153737988;0.9740617858049888;0.0114994647024943;1.2310762299546485;0.0230240604478458;1.6373260002947847;0.039540948770975;1.1181550367800457;9.575396028344672;0.0796735139387755;1.8892106732426304;26.20062641935484;27.06835029705216
228;2024-08-16;0.1386395198140589;0.8370413862131519;0.010288536248526;0.978947300861678;0.0184887151256235;1.4416494478684807;0.0359480958752834;0.987890881201814;8.597052082312924;0.0739141718004535;1.7925704839002268;26.254541032258064;27.13716728798186
229;2024-08-17;0.1289501312562358;0.7382612781179138;0.0093748656639455;0.8045472384126985;0.0153212783190476;1.327625031882086;0.0336823811473922;0.9065041277097504;8.007615666893424;0.0705716057981859;1.729858161904762;26.29562296774193;27.161102498866214
230;2024-08-18;0.1230084182494331;0.6637943244217687;0.0087628422585034;0.6648989642857144;0.0129512203115646;1.242210875328798;0.0323630263424036;0.8453913637641723;7.573791892517006;0.0689313291609977;1.6866527;26.297673048387097;27.12525372562358
231;2024-08-19;0.2550437613333333;1.356255999931973;0.017141748771882;1.4879750839455783;0.0276727925725623;2.7781078685941045;0.0669195059682539;1.830021248662132;16.337915431746033;0.1433097144875283;1.7316639936507938;26.24776596774193;26.9656233537415
232;2024-08-20;0.3068458950498866;1.7324927496371882;0.0225557113439909;1.9871140564625849;0.0383498757249433;3.182127699795918;0.0804091293356009;2.078033795555556;18.03467038866213;0.1655311784489796;2.084576605895692;26.376487774193546;26.76224120181406
233;2024-08-21;0.2461047929818594;1.436142712335601;0.01929276923356;1.67600584877551;0.0330495401757369;2.464755271950114;0.0647702944965986;1.593859053628118;13.549404155782312;0.1289921895623582;2.14834222244898;26.488159854838717;26.823052376417237
234;2024-08-22;0.2090176515056689;1.195642232585034;0.0165050797879818;1.3815319584126986;0.0277622308736961;2.020870984489796;0.054619993356009;1.3229676046712018;11.277565665306122;0.1101303471428571;2.056289674829932;26.548474451612904;26.81934921088435
235;2024-08-23;0.1846247146825397;1.0137326931519277;0.0142634767766439;1.1447281529931974;0.0232087695419501;1.7474844147165534;0.0478863176621315;1.1598599102494331;10.0123732861678;0.0992661504421768;1.9523913560090704;26.558696322580644;26.85182507482993
236;2024-08-24;0.1661283841269841;0.8799663011791383;0.0123543102426303;0.9776069948526076;0.019637779486848;1.5879701146031746;0.0428389882789115;1.0586889326984126;9.258723453968251;0.0912973060068027;1.8683531818594104;26.61418079032258;26.96991111564626
237;2024-08-25;0.1516468582086167;0.7736641484807256;0.0108079004580498;0.8419740913605441;0.0167322843664399;1.4724546367573697;0.0389780952675737;0.9827590818594104;8.705015714058957;0.0851285783605442;1.79987810861678;26.68391166129032;27.112017832199548
238;2024-08-26;0.2557329964603174;1.2903338388662131;0.0176092403174603;1.4539414888888889;0.0279631457428571;2.588677160884354;0.0654939552426303;1.7117245702040818;15.20774183106576;0.1446666544081632;1.783934119727891;26.72711164516129;26.950206099773244
239;2024-08-27;0.2915298980272108;1.4859053058276643;0.0214079535689342;1.6407544913378684;0.0331894819210884;2.681848963673469;0.073698152446712;1.8318935887301584;16.174213660090704;0.1632343102086167;1.964923685260771;26.57298585483871;26.592234335600907
240;2024-08-28;0.2352105758503401;1.178910942222222;0.0179096270691609;1.215166319727891;0.0257344013024943;2.001717248412698;0.0593435337528344;1.4110519770068026;12.536828808163266;0.1322230144739229;1.954699499319728;26.354184274193543;26.349702058956915
241;2024-08-29;0.2027625586031746;0.991572490090703;0.0154282450963718;0.9660108835147392;0.020931333570975;1.677316085600907;0.0511845148049886;1.2037488001360543;10.810085702947848;0.1152184651519274;1.896564646031746;26.284464338709675;26.380662190476187
242;2024-08-30;0.1806170372517007;0.8639885912244898;0.0135495010514739;0.8102489471428571;0.0176736773820861;1.4935195809750568;0.0457080932653061;1.0762477851927437;9.747215965759636;0.1036857662108843;1.8460743292517008;26.293226870967743;26.510821451247164
243;2024-08-31;0.1642912407120181;0.7662407736054422;0.0120696349061224;0.6892677157369614;0.0150550479818594;1.369676761451247;0.0417357091451247;0.9867474604081632;9.015783952380954;0.0954308488231292;1.8037384594104309;26.323319709677417;26.62167550566893
244;2024-09-01;0.1521263453900226;0.6876209870521542;0.0109056583922902;0.5919787894784581;0.0129661625591836;1.2753928467800455;0.0387981806054421;0.9176852357369616;8.457229912244898;0.0894563438979591;1.771613495011338;26.279721677419356;26.66300976870748
245;2024-09-02;0.2693828279478458;1.2749011908163264;0.0186137183464852;1.2527301468253969;0.0257757922911564;2.508201514580499;0.0683564124263038;1.7294867029024945;15.71800701904762;0.1566369054988662;1.815124175510204;26.252723870967746;26.68506458956916
246;2024-09-03;0.2997953584965986;1.5466565759614512;0.0225980650390022;1.6060792140884352;0.0337488063621315;2.749103109342404;0.0763202606428571;1.8602363692743764;16.420996718594104;0.1671282255124716;2.113611478004535;26.267264435483877;26.737343210884355
247;2024-09-04;0.2288629691360544;1.22694462446712;0.0181573374795918;1.274459281596372;0.0270588726077097;2.054828444331066;0.0586017579682539;1.3838224240816326;12.049636227437642;0.1250450010612245;2.112129240589569;26.28881275806452;26.809735702947847
248;2024-09-05;0.1920089017845805;1.0037412013378686;0.0150653775013605;1.0184965867414966;0.0218055380852607;1.679258814195011;0.0489258300453514;1.14946738845805;10.092111708843538;0.1062121559342403;1.9951317170068028;26.29507080645161;26.799880641723355
249;2024-09-06;0.1707467346349206;0.8497925939002268;0.0129757863235827;0.8249842917868481;0.0177827120707483;1.4577586052154194;0.0433744623854875;1.013842367573696;9.033572562585034;0.0966137730861678;1.895047437188209;26.25862291935484;26.668134682539684
250;2024-09-07;0.1560494781179138;0.7410968761451247;0.0113822596637188;0.6842762709297052;0.0146842703297052;1.327067460952381;0.0396349459523809;0.9288320842857144;8.393544049659864;0.0903480024195011;1.81967649138322;26.25470872580645;26.62083311111111
251;2024-09-08;0.1447251661065759;0.6578453307482993;0.0101076690825396;0.581781396909297;0.0124189591378684;1.2356855204761903;0.0367614571292517;0.8652188341269841;7.907313460770975;0.085437081340136;1.7632790718820863;26.25885517741936;26.61185548979592
252;2024-09-09;0.3311694433333333;1.5149759486848071;0.0227353993539682;1.3576740793650794;0.0282976647993197;2.923364712993197;0.0838632453287981;2.0243330791609977;18.495981576870747;0.1962731336598639;1.7829534952380952;26.26221867741935;26.45393191836735
253;2024-09-10;0.4148160923809523;2.00330381414966;0.0309915097165532;1.802045622063492;0.0388609592922902;3.538992250793651;0.1064716345578231;2.413327046530612;21.615582116780043;0.2384919884716553;2.132402875283447;26.246660064516128;26.240649321995463
254;2024-09-11;0.320234400861678;1.6161483410657596;0.025658747430839;1.43137867430839;0.0314488700990929;2.68622176553288;0.08403508461678;1.7892530021768709;15.737286656462585;0.1790916985941043;2.206371102040816;26.27609856451613;26.20585467346939
255;2024-09-12;0.2606397243310657;1.2918622532426305;0.0213429863265306;1.0650052889115649;0.0239813571970521;2.0946738113378687;0.0690636468730158;1.405293502494331;12.411980189342405;0.1462517336507936;2.0849628526077097;26.17538964516129;25.930276945578232
256;2024-09-13;0.2228487453287981;1.0538637764852608;0.0181635945532879;0.7812641346712018;0.0179272722453514;1.7103847394557825;0.0594775018956916;1.1675919839909297;10.46559072335601;0.1272803762154195;1.956579573696145;25.561888774193548;25.251755340136054
257;2024-09-14;0.199286701292517;0.901888072154195;0.0160173741439909;0.6188220545011337;0.0143329388931972;1.4822195573696146;0.0534235427664399;1.024638757755102;9.292735024716553;0.1155128459160997;1.869244512244898;25.273356016129032;24.91590023809524
258;2024-09-15;0.1832492464852607;0.797267330612245;0.0144472446428571;0.513965061371882;0.0119544939673469;1.3379097185941045;0.0491881528843537;0.9317066839002268;8.53133781632653;0.1076593541247165;1.811280672335601;25.109827532258063;24.64582816099773
259;2024-09-16;0.3800383706575964;1.6002473535147392;0.0297483686666666;0.894569027845805;0.0208190907197278;2.7594896353741496;0.1029926760249433;1.8957649188208616;17.49487236394558;0.2264782355759637;1.8351700501133787;24.84139341935484;24.403717630385486
260;2024-09-17;0.4815622853287982;2.094468171201814;0.0405577260997732;1.1057868387301588;0.0266356493480725;3.418900720408163;0.133178160877551;2.304888757142857;21.039508538548752;0.2811907507482993;2.106477926757369;24.285953967741936;24.062589174603172
261;2024-09-18;0.3820481571428571;1.751842909070295;0.0347944751405895;0.8886772229705215;0.0217227784750566;2.733414289569161;0.108167371585034;1.7943609342403628;16.158396252834468;0.2173635333650793;2.236043476643991;23.52012201612903;23.5112783446712
262;2024-09-19;0.320866471723356;1.5094559714285714;0.0305956381723356;0.7435505455328798;0.0182738239217687;2.299130434240363;0.0914789999070294;1.4949530888888891;13.387299676870748;0.1805180100702947;2.239762201814059;23.219685274193548;23.21893245351474
263;2024-09-20;0.2809414220634921;1.329386366893424;0.0272728507142857;0.6434602820634922;0.0158312723219954;2.011357889342404;0.0798154176598639;1.3060897666666669;11.688872178004535;0.1580218817165532;2.192760984353741;23.00803091935484;22.993443793650798
264;2024-09-21;0.251054182675737;1.1780004662585035;0.0243906685873015;0.555572298185941;0.01365010392517;1.7918941689342405;0.0707559962539682;1.1682597290249437;10.49364935260771;0.1422574134671201;2.124519543764172;22.771923112903224;22.771408494331062
265;2024-09-22;0.2272882000226757;1.048091223900227;0.0218734223446712;0.4734213464399093;0.0115935067285714;1.6165912448979591;0.0634439396145124;1.0612940795918369;9.597424672335602;0.1303773314036281;2.0514311027210885;22.591987000000003;22.61060466213152
266;2024-09-23;0.3250457428344671;1.4733155792063493;0.0314284474002267;0.6320087955782313;0.0155274647877551;2.271061388888889;0.0906827282789115;1.4906780455555555;13.51175035600907;0.1874071026281179;2.0108734306122447;22.523117177419355;22.516278968253967
267;2024-09-24;0.379423097755102;1.729654870770975;0.0380229607970521;0.7303478851020407;0.0184070863412698;2.575117011564626;0.1060024532562358;1.6921787792063492;15.271025009070296;0.2169905977210884;2.0746797405895694;22.413704451612904;22.36049464172336
268;2024-09-25;0.3225714819501133;1.4847857594331066;0.0330750433911564;0.6104427707482993;0.0155720579761904;2.1830038696145126;0.0904719599569161;1.4254509580725625;12.827178689342404;0.1834524211882086;2.0812234612244898;22.343254693548385;22.21161084580499
269;2024-09-26;0.2808784596371882;1.2839041626077097;0.0289743124501133;0.5110384741496599;0.0131315036460317;1.886593548979592;0.0788832266099773;1.2320154679591837;11.102648995464852;0.159889416585034;2.0365144;22.283829032258065;22.1039780521542
270;2024-09-27;0.2508853998412698;1.1203480255555556;0.0257403479319727;0.4346276961451247;0.0112447811253968;1.6532084693877551;0.0704069089750566;1.087927332517007;9.846943354195012;0.1434933610566893;1.969934716099773;22.162111822580645;21.994578401360545
271;2024-09-28;0.2301079652607709;0.9989537072108844;0.0233073578185941;0.3770217920181406;0.009773206623356;1.4919430074829931;0.0645570935124716;0.9889605990022676;8.999608382993197;0.132470307340136;1.9119710962585037;22.11838762903226;21.91151473469388
272;2024-09-29;0.214030132063492;0.9026929625396826;0.0212865149376417;0.3279454566666666;0.0084791587108843;1.3764261315192745;0.0600192958163265;0.916103641723356;8.386178847165532;0.1242451629841269;1.8647554929705212;22.10693766129032;21.7490002585034
273;2024-09-30;0.4128874289569161;1.726270518956916;0.0413358784058956;0.5905983438775511;0.0152533211598639;2.645644445804989;0.1166791235623582;1.7479527541723356;16.01291918435374;0.2396191062222222;1.859515890702948;22.02793314516129;21.6119622154195
274;2024-10-01;0.5258622252834467;2.2159289471882087;0.055239060909297;0.7355234143083901;0.0196974413503401;3.25081849569161;0.1504159079886621;2.139469271201814;19.471359530612247;0.3005098167120181;2.028402837414966;21.929023032258065;21.54888649886621
275;2024-10-02;0.4339612282086167;1.8394568498866213;0.0473693420430839;0.5939852626077098;0.0163620818344671;2.6242136675736965;0.1263575078140589;1.705606405442177;15.409620507936507;0.2438722964399093;2.100022305442177;21.818298306451613;21.453089163265304
276;2024-10-03;0.3681999174376417;1.5224057422448978;0.0406290399863945;0.4564283620861678;0.0129379915435374;2.1598006022675738;0.1087873257573696;1.401733143786848;12.682162569160996;0.2058455604761905;2.071263231972789;21.59145829032258;21.186705927437643
277;2024-10-04;0.3245322833560091;1.2963766204535148;0.0356457616417233;0.3739416505895692;0.0108084469496598;1.847969406575964;0.096629801079365;1.2058884986394558;10.9523738015873;0.181448273877551;2.0001671290249434;21.215382016129038;20.85318692063492
278;2024-10-05;0.3010262046712018;1.185782458956916;0.0330749279387755;0.3625851251247165;0.0104983326231292;1.6922620507936508;0.089940966600907;1.1036165628344672;10.002768530612244;0.1675119778684807;1.9507713630385488;20.982028096774197;20.70528600907029
279;2024-10-06;0.2828231471201814;1.1114408832426304;0.0310052867573696;0.3591360713151927;0.0102820874854875;1.596633546712018;0.0844868801904761;1.0383175523582766;9.392599667800454;0.1570488935827664;1.9075559646258504;20.76631270967742;20.536397444444447
280;2024-10-07;0.6113974849433106;2.4397288984126986;0.0670562455986394;0.7935334372789117;0.0222971409172335;3.532999517913832;0.1826087509070294;2.279862938095238;20.59209242517007;0.3394353477324263;1.915328515419501;20.69179848387097;20.452027156462584
281;2024-10-08;0.7958589596145125;3.2647769065759635;0.0919886276031746;1.1019288641043083;0.0317390150498866;4.469850386848073;0.2380327739455782;2.8899635501133787;25.843005390022675;0.4340985434240362;2.1671355056689343;20.66841329032258;20.435382204081638
282;2024-10-09;0.6471164593650793;2.7621655564625853;0.0791123392154195;0.96999799569161;0.0283786415714285;3.5965910666666665;0.1951620387301587;2.298180950566893;20.24941578684808;0.3444634385034013;2.3138523494331067;20.56530279032258;20.331451077097505
283;2024-10-10;0.5332160536054422;2.3272447385487527;0.0674416723378684;0.8307720106802721;0.0245385322448979;2.939056645578231;0.1615515956780045;1.8664683405895688;16.30054603514739;0.2796842563038549;2.285444326621316;20.560086274193548;20.25436589342404
284;2024-10-11;0.4541823718820861;1.995959307256236;0.0581529564489795;0.7070488984353741;0.0209517727210884;2.4988469403628115;0.1377593643219954;1.5818904743764173;13.78082998979592;0.2373182774149659;2.192866194852608;20.52926098387097;20.10944162131519
285;2024-10-12;0.3962033773696145;1.7330252242630384;0.0505372101836734;0.601877077936508;0.0178196663650793;2.1835304419501136;0.1199540209501133;1.382508520090703;12.071669102040817;0.2078924792517007;2.080234993197279;20.513971790322586;20.023896095238097
286;2024-10-13;0.354852283446712;1.5256569566893423;0.0447342264104308;0.5245245176643991;0.0155511845265306;1.9355475111111111;0.1068612464036281;1.2366807618594104;10.854439660544216;0.1877056263492063;1.984495800680272;20.460683403225808;20.00196290702948
287;2024-10-14;0.7533715211791383;3.2547248342403625;0.0945219508594104;1.0647138862585035;0.031337468494331;4.151553895464852;0.2256725602040816;2.656920988435374;23.41205840589569;0.4018395387528344;1.981826990929705;20.45653724193549;19.98347631972789
288;2024-10-15;0.9590171336054422;4.226268769160997;0.125129911755102;1.4161243638548753;0.0427043162539682;5.118072392290249;0.2845717598866213;3.319127791609977;29.069066866213152;0.5066111431746032;2.3071957176870748;20.49812529032258;20.005422859410437
289;2024-10-16;0.7463408303628118;3.371422559637188;0.1012513307301587;1.1755173163492063;0.0361005003197278;3.927722662585034;0.22204604292517;2.533852298412698;21.931564149659863;0.3869429571655328;2.465252002494331;20.51699543548387;19.99309196145125
290;2024-10-17;0.6041361021315194;2.745030163265306;0.0832020138412698;0.9841328371201814;0.0305192005487528;3.1475185494331064;0.1800392489115646;2.028788083673469;17.46877465079365;0.3103756393424036;2.439585990702948;20.3450325;19.941465374149654
291;2024-10-18;0.5073181323356009;2.293379137868481;0.0695982850385487;0.835667493968254;0.0259176530090702;2.6275842024943312;0.1507608826757369;1.704514830612245;14.69754665079365;0.2610413098866213;2.333613794104308;20.222400838709675;19.8792718707483
292;2024-10-19;0.4411848928117914;1.9620943015873016;0.0595067017256235;0.7156345361451247;0.0221326067188208;2.2705881131519274;0.1304569663219954;1.4895987707482994;12.926867897959184;0.2290886180272109;2.220060598185941;20.070291161290324;19.79417982312925
293;2024-10-20;0.3911013019274376;1.6914743274376418;0.0513141547029478;0.6083510754648526;0.0187581425090702;1.993196456235828;0.1148153692811791;1.3294010782312926;11.659790565759636;0.206213635260771;2.108620333560091;19.77399191935484;19.6446427845805
294;2024-10-21;0.6406385990476191;2.7564252684807258;0.0823078909659864;0.9590082052154196;0.0291381016802721;3.331854021995465;0.1871613876825396;2.221821742857143;19.61457265419501;0.3420312191156462;2.0468731458049887;19.699238661290323;19.58727740589569
295;2024-10-22;0.7788245294104309;3.381205405442177;0.1018304974965986;1.1879538112471657;0.0365619374512471;4.006707716553288;0.2262878387301587;2.684208534693877;23.634634648526077;0.4141442557596372;2.191497124489796;19.728050274193546;19.589622759637187
296;2024-10-23;0.6372822629251701;2.7858880546485265;0.0846850598049886;0.9854501853968256;0.030674290664399;3.258833405668934;0.1855452799319727;2.175643073469388;19.077544443310657;0.3363776338321996;2.2477080043083904;19.76047425806452;19.58769855555556
297;2024-10-24;0.5309567802040817;2.2905931965986395;0.0705413771791383;0.7943284607029478;0.0250603183469387;2.67086012585034;0.1547162349841269;1.7932752290249434;15.763520418367348;0.2806388501814059;2.1950540009070294;19.64006472580645;19.521138455782317
298;2024-10-25;0.4551725213378685;1.92498529659864;0.0597337106281179;0.6423781929705216;0.0204370298650793;2.262277988208617;0.1325147026621315;1.5310142362811792;13.542528897959183;0.242487079909297;2.101930193650794;19.54488898387097;19.46954039229025
299;2024-10-26;0.403456367414966;1.684291901133787;0.0522252857755102;0.5431680235600908;0.017277271031746;2.011544948979592;0.1175924684489795;1.3608005891156465;12.09060170181406;0.2163613431972789;2.014084502494331;19.563617387096773;19.44498603628118
300;2024-10-27;0.3652272807029478;1.50651083446712;0.0465074345124716;0.4670118052154195;0.0148220587165532;1.8376703886621315;0.1066259977619047;1.239404770521542;11.06166374489796;0.1972717890249433;1.9332727526077096;19.596926822580645;19.430107666666668
301;2024-10-28;0.7761620121315193;3.230795248979592;0.0983677687913832;0.9722322045578232;0.030462426292517;3.9974492249433102;0.2270210913832199;2.668247052154195;23.81848688888889;0.4203107262811791;1.9296988192743765;19.615428129032257;19.40793768480726
302;2024-10-29;1.0052835374376416;4.272544930612245;0.1321708121814059;1.315806050181406;0.0420375184852607;5.076264733786848;0.2932095252607709;3.3997084870748298;30.13188507936508;0.5378656850566893;2.2462918428571426;19.6172055;19.337282020408164
303;2024-10-30;0.801139597755102;3.5335607206349207;0.1096504358526077;1.1190411113378684;0.0359599060249433;4.082032342403628;0.2359576383219954;2.6827439659863948;23.45829244444445;0.4195716182086168;2.434444767800453;19.62507030645161;19.295401494331067
304;2024-10-31;0.6581840263718821;2.975386202947845;0.0921492000589569;0.9586938282539684;0.030765759286848;3.3932357530612243;0.1953763399773242;2.196770434920635;19.0339285861678;0.3398927279365079;2.4549455077097506;19.596293677419357;19.252595678004536
305;2024-11-01;0.5605096127664398;2.55466689569161;0.0789774924648526;0.829005209569161;0.0265203365181405;2.9025172609977323;0.1668281207256235;1.8705960412698408;16.160962515873017;0.2881836630839002;2.3890952854875285;19.554548096774194;19.206197598639456
306;2024-11-02;0.4912203983446712;2.22928080430839;0.068758698648526;0.7171872743310657;0.0228229812641723;2.5438323022675737;0.1461390267120181;1.6442159659863946;14.24029070861678;0.253499691632653;2.287728125623582;19.47986535483871;19.142579448979596
307;2024-11-03;0.4398282830385487;1.9724250764172333;0.0604234479637188;0.620949796031746;0.0194953826383219;2.277349586394558;0.1303767343265306;1.4856752514739229;12.957378077097506;0.2295327165079365;2.180831931972789;18.880765;18.86391075963719
308;2024-11-04;0.8385009936961451;3.796823105895692;0.1132607426734693;1.22200841430839;0.0370878918049886;4.446928055555556;0.2468788100680272;2.910637476190476;25.46188896371882;0.4412735488435373;2.1567382641723354;18.5992365;18.60426450793651
309;2024-11-05;1.0543180124716554;4.850724671428572;0.1458928208662131;1.6949737633560091;0.0516875753900226;5.451583310884353;0.3059;3.637204382312925;31.64916969614513;0.5508376192063492;2.4554522471655327;18.34602222580645;18.36908136734694
310;2024-11-06;0.8475674488888889;3.97525649659864;0.1207100405034013;1.5726954083900226;0.0479421348004535;4.2870515569161;0.2440530058503401;2.889699764852608;24.84139272108844;0.4348622679138322;2.6062924412698414;18.1379385;18.18267880045352
311;2024-11-07;0.705711738185941;3.3424176315192744;0.1020103529365079;1.4809458306349208;0.0449096183197278;3.5233909786848074;0.2022922539002267;2.388650131972789;20.31704624489796;0.3564995110657596;2.5914349759637187;17.950856403225806;18.019730439909296
312;2024-11-08;0.6077216799546485;2.8990214358276645;0.0878360637505668;1.3733094519501134;0.0411640034807256;3.0627850616780044;0.1741059121315193;2.069686698185941;17.501123691609976;0.3046157029251701;2.4952519120181407;17.754233032258064;17.835805480725625
313;2024-11-09;0.5364525536281178;2.5449951904761905;0.077110918600907;1.2258635334920636;0.0367045863854875;2.70457632585034;0.1537305535147392;1.830679181632653;15.49271473356009;0.268906496462585;2.3699988750566896;17.509959790322583;17.596404712018142
314;2024-11-10;0.4850408147165533;2.286608346031746;0.0686291659931972;1.1347476370068028;0.033490747585034;2.477333233106576;0.1389806158503401;1.6751647560090703;14.20328738095238;0.2439402855555555;2.2431932646258503;17.254064419354837;17.348028755102042
315;2024-11-11;0.7133935523129252;3.397013671882086;0.0986981278321995;1.7976055995464857;0.0511118357777777;3.803777382312925;0.2044090696371882;2.5457882004535146;21.551060786848076;0.3591745190022676;2.177728053968254;16.990679161290323;17.116931916099773
316;2024-11-12;0.8431812270521541;4.035681245351474;0.1170513497029478;2.2951493800453515;0.0651923918843537;4.4654912505668936;0.2391732975963718;3.021495866439909;25.46162760090703;0.4217641872789115;2.29178462244898;16.73058535483871;16.875478299319727
317;2024-11-13;0.730251650521542;3.517324506575964;0.1017546378866213;2.1124242965986397;0.0599549209954648;3.883161719047618;0.2066156082993197;2.6235691045351475;21.96991778231293;0.3619264805895691;2.3451289446712016;16.399479499999998;16.543227876417234
318;2024-11-14;0.6516006467800454;3.1398046163265305;0.0911984408185941;1.896366547619048;0.0542121685600907;3.46513904217687;0.1847528788435374;2.33370359659864;19.50313197278912;0.3214371580045351;2.3491075997732427;16.08059798387097;16.229851772108844
319;2024-11-15;0.595326606031746;2.892666781405896;0.0836969626031746;1.713617233786848;0.0488356511814059;3.218450173015873;0.1702067519047619;2.1415030909297053;17.873302073696145;0.2925872402494331;2.3354988551020406;15.793172717741935;15.920310955782313
320;2024-11-16;0.5542889673696145;2.7393559514739225;0.0779736170680272;1.597797292063492;0.044743434648526;3.108755225396825;0.1602194641950113;2.026688690249433;16.874355153061224;0.2713524528571429;2.3190647870748298;15.603902008064518;15.716796252834468
321;2024-11-17;0.5189678490476191;2.5880573979591834;0.0729718514081632;1.4843680487528343;0.0411100168548752;2.9781280972789115;0.1511544082766439;1.9176114501133783;15.960783225623585;0.2537315709297052;2.283787701587302;15.51699458064516;15.621260303854877
322;2024-11-18;0.7622257129705216;3.840883688888889;0.1072640761111111;2.182303724716553;0.0598775956825396;4.445469348072562;0.2231498438321995;2.8411786419501137;23.625486004535148;0.3719341968707482;2.272972067573696;15.488681241935485;15.595178479591835
323;2024-11-19;0.919506745170068;4.670402332199546;0.1318990660748299;2.6939950199546487;0.0750072410884353;5.22623634739229;0.2673526995464853;3.390950629478458;28.1007727414966;0.4452477362358277;2.4375419426303857;15.496943072580644;15.60384782086168
324;2024-11-20;0.7933084458956916;4.063937248979592;0.1163122739523809;2.3508803269841274;0.0664817910521542;4.402084368480725;0.2304025148526077;2.8827416743764176;23.77599716326531;0.3801118648072562;2.5002898566893426;15.508846298387096;15.600014513605442
325;2024-11-21;0.6984311459183673;3.578042172335601;0.1034957931678004;2.051007654421769;0.058721273585034;3.806443897278912;0.2029539735374149;2.509504818820861;20.678563149659865;0.3332601062131519;2.48704326553288;15.419576758064515;15.47448436621315
326;2024-11-22;0.625514581632653;3.2167871027210886;0.0934982691269841;1.8203035675736965;0.0524025775124716;3.3831399165532883;0.182085303015873;2.2355783138322;18.4067083015873;0.2975284336734694;2.431895710657596;15.310319637096775;15.288592767573697
327;2024-11-23;0.5702211271655329;2.958574407256236;0.0856918982675737;1.6483005290249433;0.0472572954172335;3.110041306575964;0.1668660000226757;2.0431820068027213;16.8012672154195;0.270405931723356;2.348790120634921;15.09984381451613;15.096912995464852
328;2024-11-24;0.5284250489795919;2.7528438047619046;0.079484203292517;1.5015238789115646;0.0428841536893424;2.902784078004535;0.1553662611791383;1.899094215192744;15.63197824829932;0.2506904297959184;2.2648168401360547;15.031169887096771;15.022042036281178
329;2024-11-25;0.6947697537188209;3.664650825623583;0.1045376508594104;1.974886351020408;0.0557152426394557;3.888873619727891;0.2052699540362811;2.5224707063492064;20.741236689342404;0.329246909229025;2.197508270294785;14.980270233870968;14.95372329138322
330;2024-11-26;0.8083685554421769;4.299267988435374;0.1227522570975056;2.341748142857143;0.0662821426621315;4.489913839909297;0.2375711188435374;2.934068502721088;24.077891113378683;0.3817630387755102;2.254864494331066;14.938381475806452;14.896271648526076
331;2024-11-27;0.7218941913378685;3.849398335147392;0.1109693410929705;2.075757520181406;0.059440641462585;3.9409759283446713;0.2114879782539682;2.5959016818594107;21.284687365079364;0.3399962304535147;2.2746408199546484;14.917491991935483;14.86593186734694
332;2024-11-28;0.6511649422902495;3.452390364172336;0.1009406233129251;1.8129026616780048;0.0527582320204081;3.478478114285714;0.1905266110657596;2.3102419609977325;18.979131578231293;0.3069394755555555;2.247709207936508;14.891928169354838;14.840716464852608
333;2024-11-29;0.5999084271655329;3.185566342176871;0.0932338562970521;1.636662230612245;0.0477178668072562;3.209473532426304;0.176065152154195;2.1248900664399093;17.46697796031746;0.2828915544897959;2.2105721299319727;14.83879170967742;14.755678984126984
334;2024-11-30;0.5664524041496599;3.060577858276644;0.0880962799773242;1.5733399090702949;0.0449766486870748;3.125374703628118;0.1676693563038548;2.0347777977324264;16.658040320861677;0.2657101190249433;2.184547971655329;14.63133239516129;14.548466616780043
335;2024-12-01;0.542721950861678;2.985832812244898;0.0844768850952381;1.5417954153061224;0.0431412864217687;3.088635236734694;0.1620809324943311;1.9789163299319728;16.130731890022677;0.2530228475056689;2.164345040589569;14.35209283064516;14.286693367346938
336;2024-12-02;0.6882418985714286;3.802429422222223;0.106650074371882;1.885946780498866;0.0524397436394557;3.971004360997733;0.2062453181405895;2.5285382272108845;20.68307708390023;0.3229067611337868;2.1260194111111117;14.125966443548387;14.135115092970524
337;2024-12-03;0.7738044719501134;4.185290726303855;0.1202892471451247;1.9716130563265304;0.0566188540181405;4.2586206473922905;0.2287430532199546;2.786848523809524;23.02665702040817;0.3681533180045351;2.142500224716553;13.985906548387096;14.049131057823129
338;2024-12-04;0.6895099538095238;3.647523412018141;0.1081506900975056;1.6275540196371885;0.0485118620861678;3.5918055351473925;0.2015525376190476;2.415783824489796;20.12252203968254;0.3312948658049886;2.132679772789116;13.869175241935483;13.956784012471656
339;2024-12-05;0.6294872204988662;3.3169868968253966;0.0992786060589569;1.432854071043084;0.0431970059818594;3.22817756553288;0.1835815466213152;2.1840923941043084;18.231089369614512;0.3034300614739229;2.1095779736961453;13.667151733870968;13.75768770181406
340;2024-12-06;0.579844743877551;3.061401323356009;0.0917658127845805;1.2859394187755102;0.0388292242834467;2.9717185950113376;0.1693606097959183;2.0066089301587304;16.76024710544218;0.2798890978911564;2.064874531746032;13.506485153225803;13.606130597505668
341;2024-12-07;0.540899607755102;2.856828064399093;0.0858043307891156;1.1602922238548754;0.0351187708049886;2.772037337868481;0.1584079410770975;1.8664786961451247;15.608586156462584;0.2615685654648526;2.0175301639455783;13.410121798387095;13.49981237755102
342;2024-12-08;0.4962769992063492;2.589936468707483;0.0786992079705215;0.9805848042403628;0.0301835576689342;2.498665982086168;0.1451750677301587;1.692630736281179;14.242381071428571;0.2422191663492063;1.919800711111111;13.314060282258064;13.420923998866217
343;2024-12-09;0.6729427099319728;3.408915149206349;0.105337358494331;1.1756543484126982;0.0370559263968253;3.293087962131519;0.1960075114058956;2.2509745131519274;19.13403596712018;0.3345419120634921;1.8266040689342404;13.111065677419354;13.238273027210886
344;2024-12-10;0.8132644063945579;4.037383803174603;0.1269684538548753;1.3436641863265306;0.0431326490226757;3.877359955102041;0.2362328224263038;2.669131182086168;22.771165251700683;0.4069304799319728;1.85745971292517;12.930043411290324;13.063197778911563
345;2024-12-11;0.7432484543990929;3.703183257823129;0.1170683391315192;1.2063338266666666;0.0388888255827664;3.5387444267573693;0.2170038528798186;2.418917730839002;20.57875034693877;0.3702874355555555;1.8869280843537413;12.77906275;12.916623544217687
346;2024-12-12;0.6881707769160997;3.4949096968253968;0.1096360847936507;1.125945370702948;0.0360164128979591;3.342602235827665;0.2026577135827664;2.2493210004535147;19.028393709750567;0.3398605645124716;1.907386063718821;12.59466845967742;12.734078044217688
347;2024-12-13;0.6425732136961451;3.337418754648526;0.1033950396349206;1.0551378318367346;0.0333848274263038;3.206238148979592;0.1910689638548752;2.118532120861678;17.823590037414967;0.3147243812698412;1.911777151020408;12.43066037903226;12.571949157596372
348;2024-12-14;0.6031391751020408;3.179740367346939;0.0981545321564625;0.9820939084126984;0.0310212415759637;3.0479321678004534;0.1806893509977324;1.993640223356009;16.7139155600907;0.2932740498185941;1.908388943537415;12.33693047580645;12.486676944444444
349;2024-12-15;0.5714873960544218;3.063657358276644;0.0940697214580498;0.929099103106576;0.0292168763038548;2.9331420414965987;0.1724883995238095;1.8982707678004531;15.853350017006804;0.2757123980498866;1.9034331952380952;12.24946168548387;12.388560504535148
350;2024-12-16;0.739075483446712;4.019287631065759;0.1224020893219954;1.2127341174603172;0.0378001621383219;3.871714764852608;0.2249133594331065;2.4733284004535148;20.576203321995468;0.3539598687755102;1.90491586553288;12.144519153225806;12.277547403628118
351;2024-12-17;0.8634899957369615;4.740356977324263;0.1449179949478458;1.4450199855328798;0.045273018;4.51021266031746;0.2629959167120181;2.884593768253968;23.919534668934244;0.4103030647165532;1.984283831292517;12.077895612903225;12.20493666893424
352;2024-12-18;0.7907117609070294;4.408114756462585;0.1351958123061224;1.346064325419501;0.0423747348956916;4.125078191836735;0.2414021559863945;2.635523200680272;21.74702017687075;0.3717390588888889;2.0415379569161;12.04471968548387;12.164222803854877
353;2024-12-19;0.7284852280045352;4.101905194104308;0.1265780042244898;1.2481171026303857;0.0395850833492063;3.778832313151928;0.2227813663945578;2.416408068253968;19.86804120408163;0.3395407744444444;2.069904708163265;12.043045677419354;12.156341317460315
354;2024-12-20;0.6741456363265306;3.846021166213152;0.1188673149387755;1.1782650110204085;0.0374121860770975;3.49862588185941;0.2065755971882086;2.234508146712018;18.291184784580494;0.3112905382086168;2.0686194351473923;12.012774080645162;12.063620329931974
355;2024-12-21;0.6274229774376416;3.652568954195012;0.1117334529138321;1.129559677936508;0.0354559774058956;3.318375382993197;0.1931128941950113;2.098942895918367;17.086809900226758;0.2871206531292517;2.034569786621315;11.939678991935484;11.843696873015872
356;2024-12-22;0.5872109889569161;3.4709157310657592;0.1052998370113378;1.059806345600907;0.0329975153424036;3.15320583968254;0.1815363357596371;1.9787922875283448;16.061578916099773;0.2673773019501134;1.9809687793650792;11.883429274193547;11.766046819727892
357;2024-12-23;0.733529984739229;4.382992201587302;0.1327160120340136;1.309150941111111;0.0407704723582766;3.948750508390023;0.2271120321315192;2.475003014739229;20.059141551020407;0.3329314706802721;1.9407905807256236;11.827754524193548;11.616104260770976
358;2024-12-24;0.8396433909977324;5.061911853287982;0.1533187810340136;1.501477501292517;0.0469403095918367;4.5035979;0.2590187746485261;2.836641216780045;22.972706417233564;0.380365528707483;1.966503903628118;11.757725854838707;11.522121687074833
359;2024-12-25;0.7767196420181406;4.772447863492063;0.1431242942630385;1.4153416809523809;0.043834030047619;4.233473055328799;0.2399790422222222;2.6485034875283446;21.360778276643995;0.349782275600907;1.991615334920635;11.65395429032258;11.4053862414966
360;2024-12-26;0.7309056392063492;4.581547077777778;0.1355491777324263;1.3875297055782312;0.0422770530022675;4.077005184580499;0.2268024079591837;2.523078580272109;20.23086009750567;0.3262770011791383;2.0110991526077098;11.36452339516129;11.132767973922904
361;2024-12-27;0.6906388809977324;4.410223242630385;0.1288841183718821;1.3570886438321996;0.04072469561678;3.937666850113379;0.2155140217913832;2.4099424560090705;19.214329730158727;0.305516046802721;2.01313403446712;11.055281806451612;10.909947298185942
362;2024-12-28;0.6534062038548754;4.233674984126984;0.1228158395986394;1.3023670804535148;0.0387181111337868;3.779776326984127;0.205040863015873;2.2947721786848074;18.22144673015873;0.2868313920861678;1.9981880929705216;10.941628879032258;10.825490286848073
363;2024-12-29;0.6238629106349206;4.094629097052154;0.1178299518979591;1.247314454058957;0.0367156497687074;3.66758581292517;0.1970646317687074;2.206160793877551;17.464399267573697;0.272252680770975;1.9802130024943312;10.87872112903226;10.784359238095238
364;2024-12-30;0.8096010592970522;5.395851135600908;0.1528574509274376;1.639155264399093;0.0474381394829932;4.886932493197279;0.2575704179818594;2.90086058276644;22.8883871292517;0.3517350496145124;1.9792663501133785;10.854449596774192;10.772824645124718
365;2024-12-31;0.9498815199546484;6.372855799546485;0.1801757370748299;1.9705597276643991;0.05698045461678;5.717053618820861;0.3008672525396825;3.4165245569161;26.937824519274372;0.4118580736281179;2.078529866213152;10.834748951612903;10.75427438888889
