date,x,y,observed,predicted,lon_mean,lon_std,lat_mean,lat_std
2025-05-05,-1.2908534,-2.431275,0,0.04325324,13.397958755493164,0.17918026447296143,45.63052749633789,0.062255967408418655
2025-05-05,-1.0583131,-2.431275,0,0.037625965,13.397958755493164,0.17918026447296143,45.63052749633789,0.062255967408418655
2025-05-05,-1.2908534,-1.7620264,0,0.042688467,13.397958755493164,0.17918026447296143,45.63052749633789,0.062255967408418655
2025-05-05,-1.0583131,-1.7620264,0,0.02978377,13.397958755493164,0.17918026447296143,45.63052749633789,0.062255967408418655
2025-05-05,-0.82576764,-1.7620264,0,0.04135629,13.397958755493164,0.17918026447296143,45.63052749633789,0.062255967408418655
2025-05-05,-1.2908534,-1.0927167,0,0.11233299,13.397958755493164,0.17918026447296143,45.63052749633789,0.062255967408418655
2025-05-05,-1.0583131,-1.0927167,0,0.0777593,13.397958755493164,0.17918026447296143,45.63052749633789,0.062255967408418655
2025-05-05,-0.82576764,-1.0927167,0,0.04796958,13.397958755493164,0.17918026447296143,45.63052749633789,0.062255967408418655
2025-05-05,-0.5932221,-1.0927167,0,0.030723738,13.397958755493164,0.17918026447296143,45.63052749633789,0.062255967408418655
2025-05-05,-0.36068186,-1.0927167,0,0.037520852,13.397958755493164,0.17918026447296143,45.63052749633789,0.062255967408418655
2025-05-05,-1.2908534,-0.42340705,0,0.7024131,13.397958755493164,0.17918026447296143,45.63052749633789,0.062255967408418655
2025-05-05,-1.0583131,-0.42340705,0,0.50663877,13.397958755493164,0.17918026447296143,45.63052749633789,0.062255967408418655
2025-05-05,-0.82576764,-0.42340705,0,0.20251717,13.397958755493164,0.17918026447296143,45.63052749633789,0.062255967408418655
2025-05-05,-0.5932221,-0.42340705,0,0.07107471,13.397958755493164,0.17918026447296143,45.63052749633789,0.062255967408418655
2025-05-05,-0.36068186,-0.42340705,0,0.069281586,13.397958755493164,0.17918026447296143,45.63052749633789,0.062255967408418655
2025-05-05,-0.12813635,-0.42340705,0,0.598009,13.397958755493164,0.17918026447296143,45.63052749633789,0.062255967408418655
2025-05-05,0.10440917,-0.42340705,0,0.624085,13.397958755493164,0.17918026447296143,45.63052749633789,0.062255967408418655
2025-05-05,0.33694938,-0.42340705,0,0.5428389,13.397958755493164,0.17918026447296143,45.63052749633789,0.062255967408418655
2025-05-05,0.5694949,-0.42340705,0,0.78409314,13.397958755493164,0.17918026447296143,45.63052749633789,0.062255967408418655
2025-05-05,1.732212,-0.42340705,0,0.03568737,13.397958755493164,0.17918026447296143,45.63052749633789,0.062255967408418655
2025-05-05,-1.2908534,0.24584134,0,0.8924987,13.397958755493164,0.17918026447296143,45.63052749633789,0.062255967408418655
2025-05-05,-1.0583131,0.24584134,0,3.4277458,13.397958755493164,0.17918026447296143,45.63052749633789,0.062255967408418655
2025-05-05,-0.82576764,0.24584134,0,2.7557056,13.397958755493164,0.17918026447296143,45.63052749633789,0.062255967408418655
2025-05-05,-0.5932221,0.24584134,0,2.1667283,13.397958755493164,0.17918026447296143,45.63052749633789,0.062255967408418655
2025-05-05,-0.36068186,0.24584134,0,1.0692538,13.397958755493164,0.17918026447296143,45.63052749633789,0.062255967408418655
2025-05-05,-0.12813635,0.24584134,0,0.19474947,13.397958755493164,0.17918026447296143,45.63052749633789,0.062255967408418655
2025-05-05,0.10440917,0.24584134,0,0.0672376,13.397958755493164,0.17918026447296143,45.63052749633789,0.062255967408418655
2025-05-05,0.33694938,0.24584134,0,0.2057414,13.397958755493164,0.17918026447296143,45.63052749633789,0.062255967408418655
2025-05-05,0.5694949,0.24584134,0,0.6936933,13.397958755493164,0.17918026447296143,45.63052749633789,0.062255967408418655
2025-05-05,0.8020404,0.24584134,0,0.97726136,13.397958755493164,0.17918026447296143,45.63052749633789,0.062255967408418655
2025-05-05,1.0345806,0.24584134,0,0.8944105,13.397958755493164,0.17918026447296143,45.63052749633789,0.062255967408418655
2025-05-05,1.2671261,0.24584134,0,0.4669633,13.397958755493164,0.17918026447296143,45.63052749633789,0.062255967408418655
2025-05-05,1.4996717,0.24584134,0,0.20418434,13.397958755493164,0.17918026447296143,45.63052749633789,0.062255967408418655
2025-05-05,1.732212,0.24584134,0,0.13884696,13.397958755493164,0.17918026447296143,45.63052749633789,0.062255967408418655
2025-05-05,-1.2908534,0.91515106,0,0.18546008,13.397958755493164,0.17918026447296143,45.63052749633789,0.062255967408418655
2025-05-05,-1.0583131,0.91515106,0,0.15468553,13.397958755493164,0.17918026447296143,45.63052749633789,0.062255967408418655
2025-05-05,-0.82576764,0.91515106,0,0.11158646,13.397958755493164,0.17918026447296143,45.63052749633789,0.062255967408418655
2025-05-05,-0.5932221,0.91515106,0,0.057129644,13.397958755493164,0.17918026447296143,45.63052749633789,0.062255967408418655
2025-05-05,0.33694938,0.91515106,0,0.036355093,13.397958755493164,0.17918026447296143,45.63052749633789,0.062255967408418655
2025-05-05,0.5694949,0.91515106,0,0.061582748,13.397958755493164,0.17918026447296143,45.63052749633789,0.062255967408418655
2025-05-05,0.8020404,0.91515106,0,0.15463945,13.397958755493164,0.17918026447296143,45.63052749633789,0.062255967408418655
2025-05-05,1.0345806,0.91515106,0,0.1811386,13.397958755493164,0.17918026447296143,45.63052749633789,0.062255967408418655
2025-05-05,1.2671261,0.91515106,0,0.13713358,13.397958755493164,0.17918026447296143,45.63052749633789,0.062255967408418655
2025-05-05,1.4996717,0.91515106,0,0.053102076,13.397958755493164,0.17918026447296143,45.63052749633789,0.062255967408418655
2025-05-05,1.732212,0.91515106,0,0.0323987,13.397958755493164,0.17918026447296143,45.63052749633789,0.062255967408418655
2025-05-05,0.8020404,1.5844607,0,0.062159654,13.397958755493164,0.17918026447296143,45.63052749633789,0.062255967408418655
2025-05-05,1.0345806,1.5844607,0,0.08953292,13.397958755493164,0.17918026447296143,45.63052749633789,0.062255967408418655
2025-05-05,1.2671261,1.5844607,0,0.07756836,13.397958755493164,0.17918026447296143,45.63052749633789,0.062255967408418655
2025-05-05,1.4996717,1.5844607,0,0.056821346,13.397958755493164,0.17918026447296143,45.63052749633789,0.062255967408418655
2025-05-06,-1.2908534,-2.431275,0,0.035896543,13.397958755493164,0.17918026447296143,45.63052749633789,0.062255967408418655
2025-05-06,-1.0583131,-2.431275,0,0.030896416,13.397958755493164,0.17918026447296143,45.63052749633789,0.062255967408418655
2025-05-06,-1.2908534,-1.7620264,0,0.033998657,13.397958755493164,0.17918026447296143,45.63052749633789,0.062255967408418655
2025-05-06,-1.0583131,-1.7620264,0,0.027224293,13.397958755493164,0.17918026447296143,45.63052749633789,0.062255967408418655
2025-05-06,-0.82576764,-1.7620264,0,0.03234356,13.397958755493164,0.17918026447296143,45.63052749633789,0.062255967408418655
2025-05-06,-1.2908534,-1.0927167,1,0.059335764,13.397958755493164,0.17918026447296143,45.63052749633789,0.062255967408418655
2025-05-06,-1.0583131,-1.0927167,0,0.049452987,13.397958755493164,0.17918026447296143,45.63052749633789,0.062255967408418655
2025-05-06,-0.82576764,-1.0927167,0,0.040124398,13.397958755493164,0.17918026447296143,45.63052749633789,0.062255967408418655
2025-05-06,-0.5932221,-1.0927167,0,0.028122755,13.397958755493164,0.17918026447296143,45.63052749633789,0.062255967408418655
2025-05-06,-0.36068186,-1.0927167,0,0.028815238,13.397958755493164,0.17918026447296143,45.63052749633789,0.062255967408418655
2025-05-06,-1.2908534,-0.42340705,4,0.4693548,13.397958755493164,0.17918026447296143,45.63052749633789,0.062255967408418655
2025-05-06,-1.0583131,-0.42340705,0,0.44446573,13.397958755493164,0.17918026447296143,45.63052749633789,0.062255967408418655
2025-05-06,-0.82576764,-0.42340705,0,0.23205426,13.397958755493164,0.17918026447296143,45.63052749633789,0.062255967408418655
2025-05-06,-0.5932221,-0.42340705,0,0.09269871,13.397958755493164,0.17918026447296143,45.63052749633789,0.062255967408418655
2025-05-06,-0.36068186,-0.42340705,0,0.106295854,13.397958755493164,0.17918026447296143,45.63052749633789,0.062255967408418655
2025-05-06,-0.12813635,-0.42340705,0,0.4797845,13.397958755493164,0.17918026447296143,45.63052749633789,0.062255967408418655
2025-05-06,0.10440917,-0.42340705,1,0.5874426,13.397958755493164,0.17918026447296143,45.63052749633789,0.062255967408418655
2025-05-06,0.33694938,-0.42340705,1,0.51540536,13.397958755493164,0.17918026447296143,45.63052749633789,0.062255967408418655
2025-05-06,0.5694949,-0.42340705,0,0.54568815,13.397958755493164,0.17918026447296143,45.63052749633789,0.062255967408418655
2025-05-06,1.732212,-0.42340705,0,0.041466106,13.397958755493164,0.17918026447296143,45.63052749633789,0.062255967408418655
2025-05-06,-1.2908534,0.24584134,1,0.45154786,13.397958755493164,0.17918026447296143,45.63052749633789,0.062255967408418655
2025-05-06,-1.0583131,0.24584134,3,0.86173147,13.397958755493164,0.17918026447296143,45.63052749633789,0.062255967408418655
2025-05-06,-0.82576764,0.24584134,0,1.0870941,13.397958755493164,0.17918026447296143,45.63052749633789,0.062255967408418655
2025-05-06,-0.5932221,0.24584134,1,0.7669191,13.397958755493164,0.17918026447296143,45.63052749633789,0.062255967408418655
2025-05-06,-0.36068186,0.24584134,2,0.4181945,13.397958755493164,0.17918026447296143,45.63052749633789,0.062255967408418655
2025-05-06,-0.12813635,0.24584134,0,0.094107136,13.397958755493164,0.17918026447296143,45.63052749633789,0.062255967408418655
2025-05-06,0.10440917,0.24584134,0,0.051843006,13.397958755493164,0.17918026447296143,45.63052749633789,0.062255967408418655
2025-05-06,0.33694938,0.24584134,0,0.14268717,13.397958755493164,0.17918026447296143,45.63052749633789,0.062255967408418655
2025-05-06,0.5694949,0.24584134,1,0.46881658,13.397958755493164,0.17918026447296143,45.63052749633789,0.062255967408418655
2025-05-06,0.8020404,0.24584134,1,0.72096497,13.397958755493164,0.17918026447296143,45.63052749633789,0.062255967408418655
2025-05-06,1.0345806,0.24584134,0,0.78721994,13.397958755493164,0.17918026447296143,45.63052749633789,0.062255967408418655
2025-05-06,1.2671261,0.24584134,0,0.44660714,13.397958755493164,0.17918026447296143,45.63052749633789,0.062255967408418655
2025-05-06,1.4996717,0.24584134,0,0.17242488,13.397958755493164,0.17918026447296143,45.63052749633789,0.062255967408418655
2025-05-06,1.732212,0.24584134,0,0.112896055,13.397958755493164,0.17918026447296143,45.63052749633789,0.062255967408418655
2025-05-06,-1.2908534,0.91515106,0,0.10982825,13.397958755493164,0.17918026447296143,45.63052749633789,0.062255967408418655
2025-05-06,-1.0583131,0.91515106,0,0.0860908,13.397958755493164,0.17918026447296143,45.63052749633789,0.062255967408418655
2025-05-06,-0.82576764,0.91515106,0,0.09172122,13.397958755493164,0.17918026447296143,45.63052749633789,0.062255967408418655
2025-05-06,-0.5932221,0.91515106,0,0.057107743,13.397958755493164,0.17918026447296143,45.63052749633789,0.062255967408418655
2025-05-06,0.33694938,0.91515106,0,0.034490712,13.397958755493164,0.17918026447296143,45.63052749633789,0.062255967408418655
2025-05-06,0.5694949,0.91515106,0,0.048886675,13.397958755493164,0.17918026447296143,45.63052749633789,0.062255967408418655
2025-05-06,0.8020404,0.91515106,1,0.16753386,13.397958755493164,0.17918026447296143,45.63052749633789,0.062255967408418655
2025-05-06,1.0345806,0.91515106,2,0.28567758,13.397958755493164,0.17918026447296143,45.63052749633789,0.062255967408418655
2025-05-06,1.2671261,0.91515106,0,0.21524426,13.397958755493164,0.17918026447296143,45.63052749633789,0.062255967408418655
2025-05-06,1.4996717,0.91515106,0,0.049636416,13.397958755493164,0.17918026447296143,45.63052749633789,0.062255967408418655
2025-05-06,1.732212,0.91515106,0,0.03193046,13.397958755493164,0.17918026447296143,45.63052749633789,0.062255967408418655
2025-05-06,0.8020404,1.5844607,0,0.033477113,13.397958755493164,0.17918026447296143,45.63052749633789,0.062255967408418655
2025-05-06,1.0345806,1.5844607,0,0.038330328,13.397958755493164,0.17918026447296143,45.63052749633789,0.062255967408418655
2025-05-06,1.2671261,1.5844607,0,0.03171086,13.397958755493164,0.17918026447296143,45.63052749633789,0.062255967408418655
2025-05-06,1.4996717,1.5844607,0,0.035545845,13.397958755493164,0.17918026447296143,45.63052749633789,0.062255967408418655
2025-05-07,-1.2908534,-2.431275,0,0.033922058,13.397958755493164,0.17918026447296143,45.63052749633789,0.062255967408418655
2025-05-07,-1.0583131,-2.431275,0,0.027312472,13.397958755493164,0.17918026447296143,45.63052749633789,0.062255967408418655
2025-05-07,-1.2908534,-1.7620264,0,0.06319669,13.397958755493164,0.17918026447296143,45.63052749633789,0.062255967408418655
2025-05-07,-1.0583131,-1.7620264,0,0.04286504,13.397958755493164,0.17918026447296143,45.63052749633789,0.062255967408418655
2025-05-07,-0.82576764,-1.7620264,0,0.028284721,13.397958755493164,0.17918026447296143,45.63052749633789,0.062255967408418655
2025-05-07,-1.2908534,-1.0927167,0,0.042273685,13.397958755493164,0.17918026447296143,45.63052749633789,0.062255967408418655
2025-05-07,-1.0583131,-1.0927167,0,0.023603655,13.397958755493164,0.17918026447296143,45.63052749633789,0.062255967408418655
2025-05-07,-0.82576764,-1.0927167,0,0.032926742,13.397958755493164,0.17918026447296143,45.63052749633789,0.062255967408418655
2025-05-07,-0.5932221,-1.0927167,0,0.03048351,13.397958755493164,0.17918026447296143,45.63052749633789,0.062255967408418655
2025-05-07,-0.36068186,-1.0927167,0,0.03114096,13.397958755493164,0.17918026447296143,45.63052749633789,0.062255967408418655
2025-05-07,-1.2908534,-0.42340705,1,0.8948934,13.397958755493164,0.17918026447296143,45.63052749633789,0.062255967408418655
2025-05-07,-1.0583131,-0.42340705,1,0.32096347,13.397958755493164,0.17918026447296143,45.63052749633789,0.062255967408418655
2025-05-07,-0.82576764,-0.42340705,0,0.16102248,13.397958755493164,0.17918026447296143,45.63052749633789,0.062255967408418655
2025-05-07,-0.5932221,-0.42340705,0,0.067812406,13.397958755493164,0.17918026447296143,45.63052749633789,0.062255967408418655
2025-05-07,-0.36068186,-0.42340705,0,0.15422946,13.397958755493164,0.17918026447296143,45.63052749633789,0.062255967408418655
2025-05-07,-0.12813635,-0.42340705,0,0.5016762,13.397958755493164,0.17918026447296143,45.63052749633789,0.062255967408418655
2025-05-07,0.10440917,-0.42340705,1,0.6201922,13.397958755493164,0.17918026447296143,45.63052749633789,0.062255967408418655
2025-05-07,0.33694938,-0.42340705,1,0.6003078,13.397958755493164,0.17918026447296143,45.63052749633789,0.062255967408418655
2025-05-07,0.5694949,-0.42340705,0,0.7690021,13.397958755493164,0.17918026447296143,45.63052749633789,0.062255967408418655
2025-05-07,1.732212,-0.42340705,0,0.039600406,13.397958755493164,0.17918026447296143,45.63052749633789,0.062255967408418655
2025-05-07,-1.2908534,0.24584134,1,0.4642097,13.397958755493164,0.17918026447296143,45.63052749633789,0.062255967408418655
2025-05-07,-1.0583131,0.24584134,4,1.1985605,13.397958755493164,0.17918026447296143,45.63052749633789,0.062255967408418655
2025-05-07,-0.82576764,0.24584134,10,0.5649367,13.397958755493164,0.17918026447296143,45.63052749633789,0.062255967408418655
2025-05-07,-0.5932221,0.24584134,5,0.7081307,13.397958755493164,0.17918026447296143,45.63052749633789,0.062255967408418655
2025-05-07,-0.36068186,0.24584134,5,0.70469075,13.397958755493164,0.17918026447296143,45.63052749633789,0.062255967408418655
2025-05-07,-0.12813635,0.24584134,0,0.17522074,13.397958755493164,0.17918026447296143,45.63052749633789,0.062255967408418655
2025-05-07,0.10440917,0.24584134,0,0.08424757,13.397958755493164,0.17918026447296143,45.63052749633789,0.062255967408418655
2025-05-07,0.33694938,0.24584134,0,0.18384169,13.397958755493164,0.17918026447296143,45.63052749633789,0.062255967408418655
2025-05-07,0.5694949,0.24584134,2,0.4867224,13.397958755493164,0.17918026447296143,45.63052749633789,0.062255967408418655
2025-05-07,0.8020404,0.24584134,2,0.944989,13.397958755493164,0.17918026447296143,45.63052749633789,0.062255967408418655
2025-05-07,1.0345806,0.24584134,0,0.8826355,13.397958755493164,0.17918026447296143,45.63052749633789,0.062255967408418655
2025-05-07,1.2671261,0.24584134,0,0.49974325,13.397958755493164,0.17918026447296143,45.63052749633789,0.062255967408418655
2025-05-07,1.4996717,0.24584134,0,0.16231774,13.397958755493164,0.17918026447296143,45.63052749633789,0.062255967408418655
2025-05-07,1.732212,0.24584134,0,0.07343644,13.397958755493164,0.17918026447296143,45.63052749633789,0.062255967408418655
2025-05-07,-1.2908534,0.91515106,2,0.11539083,13.397958755493164,0.17918026447296143,45.63052749633789,0.062255967408418655
2025-05-07,-1.0583131,0.91515106,0,0.08750472,13.397958755493164,0.17918026447296143,45.63052749633789,0.062255967408418655
2025-05-07,-0.82576764,0.91515106,0,0.09625305,13.397958755493164,0.17918026447296143,45.63052749633789,0.062255967408418655
2025-05-07,-0.5932221,0.91515106,0,0.080950916,13.397958755493164,0.17918026447296143,45.63052749633789,0.062255967408418655
2025-05-07,0.33694938,0.91515106,0,0.037987936,13.397958755493164,0.17918026447296143,45.63052749633789,0.062255967408418655
2025-05-07,0.5694949,0.91515106,0,0.04939689,13.397958755493164,0.17918026447296143,45.63052749633789,0.062255967408418655
2025-05-07,0.8020404,0.91515106,1,0.273261,13.397958755493164,0.17918026447296143,45.63052749633789,0.062255967408418655
2025-05-07,1.0345806,0.91515106,1,0.5652233,13.397958755493164,0.17918026447296143,45.63052749633789,0.062255967408418655
2025-05-07,1.2671261,0.91515106,0,0.3764135,13.397958755493164,0.17918026447296143,45.63052749633789,0.062255967408418655
2025-05-07,1.4996717,0.91515106,0,0.082577795,13.397958755493164,0.17918026447296143,45.63052749633789,0.062255967408418655
2025-05-07,1.732212,0.91515106,0,0.04236217,13.397958755493164,0.17918026447296143,45.63052749633789,0.062255967408418655
2025-05-07,0.8020404,1.5844607,0,0.030688604,13.397958755493164,0.17918026447296143,45.63052749633789,0.062255967408418655
2025-05-07,1.0345806,1.5844607,0,0.026473554,13.397958755493164,0.17918026447296143,45.63052749633789,0.062255967408418655
2025-05-07,1.2671261,1.5844607,0,0.027651975,13.397958755493164,0.17918026447296143,45.63052749633789,0.062255967408418655
2025-05-07,1.4996717,1.5844607,0,0.03601032,13.397958755493164,0.17918026447296143,45.63052749633789,0.062255967408418655
2025-05-08,-1.2908534,-2.431275,0,0.030259285,13.397958755493164,0.17918026447296143,45.63052749633789,0.062255967408418655
2025-05-08,-1.0583131,-2.431275,0,0.030784912,13.397958755493164,0.17918026447296143,45.63052749633789,0.062255967408418655
2025-05-08,-1.2908534,-1.7620264,0,0.0589624,13.397958755493164,0.17918026447296143,45.63052749633789,0.062255967408418655
2025-05-08,-1.0583131,-1.7620264,0,0.057263456,13.397958755493164,0.17918026447296143,45.63052749633789,0.062255967408418655
2025-05-08,-0.82576764,-1.7620264,0,0.0440208,13.397958755493164,0.17918026447296143,45.63052749633789,0.062255967408418655
2025-05-08,-1.2908534,-1.0927167,0,0.04292308,13.397958755493164,0.17918026447296143,45.63052749633789,0.062255967408418655
2025-05-08,-1.0583131,-1.0927167,0,0.021025741,13.397958755493164,0.17918026447296143,45.63052749633789,0.062255967408418655
2025-05-08,-0.82576764,-1.0927167,0,0.022092968,13.397958755493164,0.17918026447296143,45.63052749633789,0.062255967408418655
2025-05-08,-0.5932221,-1.0927167,0,0.022580069,13.397958755493164,0.17918026447296143,45.63052749633789,0.062255967408418655
2025-05-08,-0.36068186,-1.0927167,0,0.030916966,13.397958755493164,0.17918026447296143,45.63052749633789,0.062255967408418655
2025-05-08,-1.2908534,-0.42340705,3,0.42920598,13.397958755493164,0.17918026447296143,45.63052749633789,0.062255967408418655
2025-05-08,-1.0583131,-0.42340705,0,0.41759986,13.397958755493164,0.17918026447296143,45.63052749633789,0.062255967408418655
2025-05-08,-0.82576764,-0.42340705,0,0.112682216,13.397958755493164,0.17918026447296143,45.63052749633789,0.062255967408418655
2025-05-08,-0.5932221,-0.42340705,0,0.04565322,13.397958755493164,0.17918026447296143,45.63052749633789,0.062255967408418655
2025-05-08,-0.36068186,-0.42340705,0,0.11616333,13.397958755493164,0.17918026447296143,45.63052749633789,0.062255967408418655
2025-05-08,-0.12813635,-0.42340705,0,0.31982863,13.397958755493164,0.17918026447296143,45.63052749633789,0.062255967408418655
2025-05-08,0.10440917,-0.42340705,0,0.46195802,13.397958755493164,0.17918026447296143,45.63052749633789,0.062255967408418655
2025-05-08,0.33694938,-0.42340705,2,0.6895997,13.397958755493164,0.17918026447296143,45.63052749633789,0.062255967408418655
2025-05-08,0.5694949,-0.42340705,1,0.78277576,13.397958755493164,0.17918026447296143,45.63052749633789,0.062255967408418655
2025-05-08,1.732212,-0.42340705,0,0.032763094,13.397958755493164,0.17918026447296143,45.63052749633789,0.062255967408418655
2025-05-08,-1.2908534,0.24584134,2,0.5402271,13.397958755493164,0.17918026447296143,45.63052749633789,0.062255967408418655
2025-05-08,-1.0583131,0.24584134,5,1.7658772,13.397958755493164,0.17918026447296143,45.63052749633789,0.062255967408418655
2025-05-08,-0.82576764,0.24584134,3,5.4310565,13.397958755493164,0.17918026447296143,45.63052749633789,0.062255967408418655
2025-05-08,-0.5932221,0.24584134,8,1.400568,13.397958755493164,0.17918026447296143,45.63052749633789,0.062255967408418655
2025-05-08,-0.36068186,0.24584134,2,1.1815823,13.397958755493164,0.17918026447296143,45.63052749633789,0.062255967408418655
2025-05-08,-0.12813635,0.24584134,0,0.15371045,13.397958755493164,0.17918026447296143,45.63052749633789,0.062255967408418655
2025-05-08,0.10440917,0.24584134,0,0.07281489,13.397958755493164,0.17918026447296143,45.63052749633789,0.062255967408418655
2025-05-08,0.33694938,0.24584134,0,0.22801888,13.397958755493164,0.17918026447296143,45.63052749633789,0.062255967408418655
2025-05-08,0.5694949,0.24584134,1,0.90372926,13.397958755493164,0.17918026447296143,45.63052749633789,0.062255967408418655
2025-05-08,0.8020404,0.24584134,2,0.8239382,13.397958755493164,0.17918026447296143,45.63052749633789,0.062255967408418655
2025-05-08,1.0345806,0.24584134,3,0.6476297,13.397958755493164,0.17918026447296143,45.63052749633789,0.062255967408418655
2025-05-08,1.2671261,0.24584134,0,0.40214664,13.397958755493164,0.17918026447296143,45.63052749633789,0.062255967408418655
2025-05-08,1.4996717,0.24584134,0,0.13509719,13.397958755493164,0.17918026447296143,45.63052749633789,0.062255967408418655
2025-05-08,1.732212,0.24584134,0,0.07273823,13.397958755493164,0.17918026447296143,45.63052749633789,0.062255967408418655
2025-05-08,-1.2908534,0.91515106,0,0.28495073,13.397958755493164,0.17918026447296143,45.63052749633789,0.062255967408418655
2025-05-08,-1.0583131,0.91515106,0,0.11298936,13.397958755493164,0.17918026447296143,45.63052749633789,0.062255967408418655
2025-05-08,-0.82576764,0.91515106,0,0.06921594,13.397958755493164,0.17918026447296143,45.63052749633789,0.062255967408418655
2025-05-08,-0.5932221,0.91515106,0,0.04007517,13.397958755493164,0.17918026447296143,45.63052749633789,0.062255967408418655
2025-05-08,0.33694938,0.91515106,0,0.033889767,13.397958755493164,0.17918026447296143,45.63052749633789,0.062255967408418655
2025-05-08,0.5694949,0.91515106,0,0.05837717,13.397958755493164,0.17918026447296143,45.63052749633789,0.062255967408418655
2025-05-08,0.8020404,0.91515106,0,0.3245155,13.397958755493164,0.17918026447296143,45.63052749633789,0.062255967408418655
2025-05-08,1.0345806,0.91515106,0,0.3796862,13.397958755493164,0.17918026447296143,45.63052749633789,0.062255967408418655
2025-05-08,1.2671261,0.91515106,0,0.22369839,13.397958755493164,0.17918026447296143,45.63052749633789,0.062255967408418655
2025-05-08,1.4996717,0.91515106,0,0.06806141,13.397958755493164,0.17918026447296143,45.63052749633789,0.062255967408418655
2025-05-08,1.732212,0.91515106,0,0.043071803,13.397958755493164,0.17918026447296143,45.63052749633789,0.062255967408418655
2025-05-08,0.8020404,1.5844607,0,0.027358519,13.397958755493164,0.17918026447296143,45.63052749633789,0.062255967408418655
2025-05-08,1.0345806,1.5844607,0,0.025515819,13.397958755493164,0.17918026447296143,45.63052749633789,0.062255967408418655
2025-05-08,1.2671261,1.5844607,0,0.02558725,13.397958755493164,0.17918026447296143,45.63052749633789,0.062255967408418655
2025-05-08,1.4996717,1.5844607,0,0.032991655,13.397958755493164,0.17918026447296143,45.63052749633789,0.062255967408418655
2025-05-09,-1.2908534,-2.431275,0,0.029191166,13.397958755493164,0.17918026447296143,45.63052749633789,0.062255967408418655
2025-05-09,-1.0583131,-2.431275,0,0.03776367,13.397958755493164,0.17918026447296143,45.63052749633789,0.062255967408418655
2025-05-09,-1.2908534,-1.7620264,0,0.03490383,13.397958755493164,0.17918026447296143,45.63052749633789,0.062255967408418655
2025-05-09,-1.0583131,-1.7620264,0,0.035766084,13.397958755493164,0.17918026447296143,45.63052749633789,0.062255967408418655
2025-05-09,-0.82576764,-1.7620264,0,0.033492684,13.397958755493164,0.17918026447296143,45.63052749633789,0.062255967408418655
2025-05-09,-1.2908534,-1.0927167,0,0.045718744,13.397958755493164,0.17918026447296143,45.63052749633789,0.062255967408418655
2025-05-09,-1.0583131,-1.0927167,0,0.027400773,13.397958755493164,0.17918026447296143,45.63052749633789,0.062255967408418655
2025-05-09,-0.82576764,-1.0927167,0,0.025563186,13.397958755493164,0.17918026447296143,45.63052749633789,0.062255967408418655
2025-05-09,-0.5932221,-1.0927167,0,0.026474403,13.397958755493164,0.17918026447296143,45.63052749633789,0.062255967408418655
2025-05-09,-0.36068186,-1.0927167,0,0.029289043,13.397958755493164,0.17918026447296143,45.63052749633789,0.062255967408418655
2025-05-09,-1.2908534,-0.42340705,3,0.5967749,13.397958755493164,0.17918026447296143,45.63052749633789,0.062255967408418655
2025-05-09,-1.0583131,-0.42340705,0,0.2181232,13.397958755493164,0.17918026447296143,45.63052749633789,0.062255967408418655
2025-05-09,-0.82576764,-0.42340705,0,0.08746097,13.397958755493164,0.17918026447296143,45.63052749633789,0.062255967408418655
2025-05-09,-0.5932221,-0.42340705,0,0.037583657,13.397958755493164,0.17918026447296143,45.63052749633789,0.062255967408418655
2025-05-09,-0.36068186,-0.42340705,0,0.066258155,13.397958755493164,0.17918026447296143,45.63052749633789,0.062255967408418655
2025-05-09,-0.12813635,-0.42340705,1,0.13391279,13.397958755493164,0.17918026447296143,45.63052749633789,0.062255967408418655
2025-05-09,0.10440917,-0.42340705,0,0.21710666,13.397958755493164,0.17918026447296143,45.63052749633789,0.062255967408418655
2025-05-09,0.33694938,-0.42340705,1,0.46335882,13.397958755493164,0.17918026447296143,45.63052749633789,0.062255967408418655
2025-05-09,0.5694949,-0.42340705,1,0.5031188,13.397958755493164,0.17918026447296143,45.63052749633789,0.062255967408418655
2025-05-09,1.732212,-0.42340705,0,0.037874505,13.397958755493164,0.17918026447296143,45.63052749633789,0.062255967408418655
2025-05-09,-1.2908534,0.24584134,1,0.5661331,13.397958755493164,0.17918026447296143,45.63052749633789,0.062255967408418655
2025-05-09,-1.0583131,0.24584134,5,1.6963054,13.397958755493164,0.17918026447296143,45.63052749633789,0.062255967408418655
2025-05-09,-0.82576764,0.24584134,5,1.0093571,13.397958755493164,0.17918026447296143,45.63052749633789,0.062255967408418655
2025-05-09,-0.5932221,0.24584134,3,2.479375,13.397958755493164,0.17918026447296143,45.63052749633789,0.062255967408418655
2025-05-09,-0.36068186,0.24584134,4,0.36995828,13.397958755493164,0.17918026447296143,45.63052749633789,0.062255967408418655
2025-05-09,-0.12813635,0.24584134,0,0.09247003,13.397958755493164,0.17918026447296143,45.63052749633789,0.062255967408418655
2025-05-09,0.10440917,0.24584134,0,0.0433771,13.397958755493164,0.17918026447296143,45.63052749633789,0.062255967408418655
2025-05-09,0.33694938,0.24584134,0,0.14685014,13.397958755493164,0.17918026447296143,45.63052749633789,0.062255967408418655
2025-05-09,0.5694949,0.24584134,1,0.4466118,13.397958755493164,0.17918026447296143,45.63052749633789,0.062255967408418655
2025-05-09,0.8020404,0.24584134,0,0.5253902,13.397958755493164,0.17918026447296143,45.63052749633789,0.062255967408418655
2025-05-09,1.0345806,0.24584134,1,0.89419055,13.397958755493164,0.17918026447296143,45.63052749633789,0.062255967408418655
2025-05-09,1.2671261,0.24584134,2,0.28755543,13.397958755493164,0.17918026447296143,45.63052749633789,0.062255967408418655
2025-05-09,1.4996717,0.24584134,0,0.1247141,13.397958755493164,0.17918026447296143,45.63052749633789,0.062255967408418655
2025-05-09,1.732212,0.24584134,0,0.10917676,13.397958755493164,0.17918026447296143,45.63052749633789,0.062255967408418655
2025-05-09,-1.2908534,0.91515106,0,0.15809558,13.397958755493164,0.17918026447296143,45.63052749633789,0.062255967408418655
2025-05-09,-1.0583131,0.91515106,0,0.07599436,13.397958755493164,0.17918026447296143,45.63052749633789,0.062255967408418655
2025-05-09,-0.82576764,0.91515106,0,0.056468368,13.397958755493164,0.17918026447296143,45.63052749633789,0.062255967408418655
2025-05-09,-0.5932221,0.91515106,0,0.038021963,13.397958755493164,0.17918026447296143,45.63052749633789,0.062255967408418655
2025-05-09,0.33694938,0.91515106,0,0.027154518,13.397958755493164,0.17918026447296143,45.63052749633789,0.062255967408418655
2025-05-09,0.5694949,0.91515106,0,0.03524496,13.397958755493164,0.17918026447296143,45.63052749633789,0.062255967408418655
2025-05-09,0.8020404,0.91515106,0,0.14788201,13.397958755493164,0.17918026447296143,45.63052749633789,0.062255967408418655
2025-05-09,1.0345806,0.91515106,0,0.20842995,13.397958755493164,0.17918026447296143,45.63052749633789,0.062255967408418655
2025-05-09,1.2671261,0.91515106,0,0.15699355,13.397958755493164,0.17918026447296143,45.63052749633789,0.062255967408418655
2025-05-09,1.4996717,0.91515106,0,0.07384142,13.397958755493164,0.17918026447296143,45.63052749633789,0.062255967408418655
2025-05-09,1.732212,0.91515106,0,0.04595809,13.397958755493164,0.17918026447296143,45.63052749633789,0.062255967408418655
2025-05-09,0.8020404,1.5844607,0,0.05069069,13.397958755493164,0.17918026447296143,45.63052749633789,0.062255967408418655
2025-05-09,1.0345806,1.5844607,0,0.060884055,13.397958755493164,0.17918026447296143,45.63052749633789,0.062255967408418655
2025-05-09,1.2671261,1.5844607,0,0.054403774,13.397958755493164,0.17918026447296143,45.63052749633789,0.062255967408418655
2025-05-09,1.4996717,1.5844607,0,0.05434667,13.397958755493164,0.17918026447296143,45.63052749633789,0.062255967408418655
2025-05-10,-1.2908534,-2.431275,0,0.014095707,13.397958755493164,0.17918026447296143,45.63052749633789,0.062255967408418655
2025-05-10,-1.0583131,-2.431275,0,0.014689821,13.397958755493164,0.17918026447296143,45.63052749633789,0.062255967408418655
2025-05-10,-1.2908534,-1.7620264,0,0.013828037,13.397958755493164,0.17918026447296143,45.63052749633789,0.062255967408418655
2025-05-10,-1.0583131,-1.7620264,0,0.012295807,13.397958755493164,0.17918026447296143,45.63052749633789,0.062255967408418655
2025-05-10,-0.82576764,-1.7620264,0,0.0139638,13.397958755493164,0.17918026447296143,45.63052749633789,0.062255967408418655
2025-05-10,-1.2908534,-1.0927167,0,0.013859517,13.397958755493164,0.17918026447296143,45.63052749633789,0.062255967408418655
2025-05-10,-1.0583131,-1.0927167,0,0.010283157,13.397958755493164,0.17918026447296143,45.63052749633789,0.062255967408418655
2025-05-10,-0.82576764,-1.0927167,0,0.01205201,13.397958755493164,0.17918026447296143,45.63052749633789,0.062255967408418655
2025-05-10,-0.5932221,-1.0927167,0,0.014724296,13.397958755493164,0.17918026447296143,45.63052749633789,0.062255967408418655
2025-05-10,-0.36068186,-1.0927167,0,0.016375119,13.397958755493164,0.17918026447296143,45.63052749633789,0.062255967408418655
2025-05-10,-1.2908534,-0.42340705,0,0.12245116,13.397958755493164,0.17918026447296143,45.63052749633789,0.062255967408418655
2025-05-10,-1.0583131,-0.42340705,0,0.038416706,13.397958755493164,0.17918026447296143,45.63052749633789,0.062255967408418655
2025-05-10,-0.82576764,-0.42340705,0,0.02188707,13.397958755493164,0.17918026447296143,45.63052749633789,0.062255967408418655
2025-05-10,-0.5932221,-0.42340705,0,0.014459705,13.397958755493164,0.17918026447296143,45.63052749633789,0.062255967408418655
2025-05-10,-0.36068186,-0.42340705,0,0.017141547,13.397958755493164,0.17918026447296143,45.63052749633789,0.062255967408418655
2025-05-10,-0.12813635,-0.42340705,0,0.03182529,13.397958755493164,0.17918026447296143,45.63052749633789,0.062255967408418655
2025-05-10,0.10440917,-0.42340705,0,0.034370087,13.397958755493164,0.17918026447296143,45.63052749633789,0.062255967408418655
2025-05-10,0.33694938,-0.42340705,0,0.03573898,13.397958755493164,0.17918026447296143,45.63052749633789,0.062255967408418655
2025-05-10,0.5694949,-0.42340705,0,0.058948006,13.397958755493164,0.17918026447296143,45.63052749633789,0.062255967408418655
2025-05-10,1.732212,-0.42340705,0,0.02285342,13.397958755493164,0.17918026447296143,45.63052749633789,0.062255967408418655
2025-05-10,-1.2908534,0.24584134,0,0.07074031,13.397958755493164,0.17918026447296143,45.63052749633789,0.062255967408418655
2025-05-10,-1.0583131,0.24584134,0,0.23053174,13.397958755493164,0.17918026447296143,45.63052749633789,0.062255967408418655
2025-05-10,-0.82576764,0.24584134,0,0.17777543,13.397958755493164,0.17918026447296143,45.63052749633789,0.062255967408418655
2025-05-10,-0.5932221,0.24584134,0,0.066096485,13.397958755493164,0.17918026447296143,45.63052749633789,0.062255967408418655
2025-05-10,-0.36068186,0.24584134,0,0.0699085,13.397958755493164,0.17918026447296143,45.63052749633789,0.062255967408418655
2025-05-10,-0.12813635,0.24584134,0,0.022360235,13.397958755493164,0.17918026447296143,45.63052749633789,0.062255967408418655
2025-05-10,0.10440917,0.24584134,0,0.017938947,13.397958755493164,0.17918026447296143,45.63052749633789,0.062255967408418655
2025-05-10,0.33694938,0.24584134,0,0.027843975,13.397958755493164,0.17918026447296143,45.63052749633789,0.062255967408418655
2025-05-10,0.5694949,0.24584134,0,0.04982,13.397958755493164,0.17918026447296143,45.63052749633789,0.062255967408418655
2025-05-10,0.8020404,0.24584134,0,0.057131615,13.397958755493164,0.17918026447296143,45.63052749633789,0.062255967408418655
2025-05-10,1.0345806,0.24584134,0,0.19830991,13.397958755493164,0.17918026447296143,45.63052749633789,0.062255967408418655
2025-05-10,1.2671261,0.24584134,0,0.16846725,13.397958755493164,0.17918026447296143,45.63052749633789,0.062255967408418655
2025-05-10,1.4996717,0.24584134,0,0.04326514,13.397958755493164,0.17918026447296143,45.63052749633789,0.062255967408418655
2025-05-10,1.732212,0.24584134,0,0.03958314,13.397958755493164,0.17918026447296143,45.63052749633789,0.062255967408418655
2025-05-10,-1.2908534,0.91515106,0,0.043525293,13.397958755493164,0.17918026447296143,45.63052749633789,0.062255967408418655
2025-05-10,-1.0583131,0.91515106,0,0.022871202,13.397958755493164,0.17918026447296143,45.63052749633789,0.062255967408418655
2025-05-10,-0.82576764,0.91515106,0,0.02603861,13.397958755493164,0.17918026447296143,45.63052749633789,0.062255967408418655
2025-05-10,-0.5932221,0.91515106,0,0.020528277,13.397958755493164,0.17918026447296143,45.63052749633789,0.062255967408418655
2025-05-10,0.33694938,0.91515106,0,0.017273085,13.397958755493164,0.17918026447296143,45.63052749633789,0.062255967408418655
2025-05-10,0.5694949,0.91515106,0,0.018986376,13.397958755493164,0.17918026447296143,45.63052749633789,0.062255967408418655
2025-05-10,0.8020404,0.91515106,0,0.0373245,13.397958755493164,0.17918026447296143,45.63052749633789,0.062255967408418655
2025-05-10,1.0345806,0.91515106,0,0.043107264,13.397958755493164,0.17918026447296143,45.63052749633789,0.062255967408418655
2025-05-10,1.2671261,0.91515106,0,0.03573519,13.397958755493164,0.17918026447296143,45.63052749633789,0.062255967408418655
2025-05-10,1.4996717,0.91515106,0,0.02614128,13.397958755493164,0.17918026447296143,45.63052749633789,0.062255967408418655
2025-05-10,1.732212,0.91515106,0,0.019508628,13.397958755493164,0.17918026447296143,45.63052749633789,0.062255967408418655
2025-05-10,0.8020404,1.5844607,0,0.030110264,13.397958755493164,0.17918026447296143,45.63052749633789,0.062255967408418655
2025-05-10,1.0345806,1.5844607,0,0.04244262,13.397958755493164,0.17918026447296143,45.63052749633789,0.062255967408418655
2025-05-10,1.2671261,1.5844607,0,0.04177604,13.397958755493164,0.17918026447296143,45.63052749633789,0.062255967408418655
2025-05-10,1.4996717,1.5844607,0,0.03651603,13.397958755493164,0.17918026447296143,45.63052749633789,0.062255967408418655
2025-05-11,-1.2908534,-2.431275,0,0.016684955,13.397958755493164,0.17918026447296143,45.63052749633789,0.062255967408418655
2025-05-11,-1.0583131,-2.431275,0,0.013484968,13.397958755493164,0.17918026447296143,45.63052749633789,0.062255967408418655
2025-05-11,-1.2908534,-1.7620264,0,0.0155927725,13.397958755493164,0.17918026447296143,45.63052749633789,0.062255967408418655
2025-05-11,-1.0583131,-1.7620264,0,0.011862066,13.397958755493164,0.17918026447296143,45.63052749633789,0.062255967408418655
2025-05-11,-0.82576764,-1.7620264,0,0.016890846,13.397958755493164,0.17918026447296143,45.63052749633789,0.062255967408418655
2025-05-11,-1.2908534,-1.0927167,0,0.023216868,13.397958755493164,0.17918026447296143,45.63052749633789,0.062255967408418655
2025-05-11,-1.0583131,-1.0927167,0,0.016317666,13.397958755493164,0.17918026447296143,45.63052749633789,0.062255967408418655
2025-05-11,-0.82576764,-1.0927167,0,0.015989985,13.397958755493164,0.17918026447296143,45.63052749633789,0.062255967408418655
2025-05-11,-0.5932221,-1.0927167,0,0.014334269,13.397958755493164,0.17918026447296143,45.63052749633789,0.062255967408418655
2025-05-11,-0.36068186,-1.0927167,0,0.01661438,13.397958755493164,0.17918026447296143,45.63052749633789,0.062255967408418655
2025-05-11,-1.2908534,-0.42340705,0,0.081373796,13.397958755493164,0.17918026447296143,45.63052749633789,0.062255967408418655
2025-05-11,-1.0583131,-0.42340705,0,0.053868886,13.397958755493164,0.17918026447296143,45.63052749633789,0.062255967408418655
2025-05-11,-0.82576764,-0.42340705,0,0.027481781,13.397958755493164,0.17918026447296143,45.63052749633789,0.062255967408418655
2025-05-11,-0.5932221,-0.42340705,0,0.014249973,13.397958755493164,0.17918026447296143,45.63052749633789,0.062255967408418655
2025-05-11,-0.36068186,-0.42340705,0,0.015329844,13.397958755493164,0.17918026447296143,45.63052749633789,0.062255967408418655
2025-05-11,-0.12813635,-0.42340705,0,0.047646057,13.397958755493164,0.17918026447296143,45.63052749633789,0.062255967408418655
2025-05-11,0.10440917,-0.42340705,0,0.05797938,13.397958755493164,0.17918026447296143,45.63052749633789,0.062255967408418655
2025-05-11,0.33694938,-0.42340705,0,0.054101996,13.397958755493164,0.17918026447296143,45.63052749633789,0.062255967408418655
2025-05-11,0.5694949,-0.42340705,0,0.09989329,13.397958755493164,0.17918026447296143,45.63052749633789,0.062255967408418655
2025-05-11,1.732212,-0.42340705,0,0.022620827,13.397958755493164,0.17918026447296143,45.63052749633789,0.062255967408418655
2025-05-11,-1.2908534,0.24584134,2,0.1966032,13.397958755493164,0.17918026447296143,45.63052749633789,0.062255967408418655
2025-05-11,-1.0583131,0.24584134,2,0.31112182,13.397958755493164,0.17918026447296143,45.63052749633789,0.062255967408418655
2025-05-11,-0.82576764,0.24584134,3,0.20905332,13.397958755493164,0.17918026447296143,45.63052749633789,0.062255967408418655
2025-05-11,-0.5932221,0.24584134,2,0.08721039,13.397958755493164,0.17918026447296143,45.63052749633789,0.062255967408418655
2025-05-11,-0.36068186,0.24584134,1,0.05319818,13.397958755493164,0.17918026447296143,45.63052749633789,0.062255967408418655
2025-05-11,-0.12813635,0.24584134,0,0.030231044,13.397958755493164,0.17918026447296143,45.63052749633789,0.062255967408418655
2025-05-11,0.10440917,0.24584134,1,0.020685585,13.397958755493164,0.17918026447296143,45.63052749633789,0.062255967408418655
2025-05-11,0.33694938,0.24584134,0,0.03478655,13.397958755493164,0.17918026447296143,45.63052749633789,0.062255967408418655
2025-05-11,0.5694949,0.24584134,0,0.063389525,13.397958755493164,0.17918026447296143,45.63052749633789,0.062255967408418655
2025-05-11,0.8020404,0.24584134,0,0.11363922,13.397958755493164,0.17918026447296143,45.63052749633789,0.062255967408418655
2025-05-11,1.0345806,0.24584134,0,0.26110366,13.397958755493164,0.17918026447296143,45.63052749633789,0.062255967408418655
2025-05-11,1.2671261,0.24584134,0,0.13921958,13.397958755493164,0.17918026447296143,45.63052749633789,0.062255967408418655
2025-05-11,1.4996717,0.24584134,0,0.056769937,13.397958755493164,0.17918026447296143,45.63052749633789,0.062255967408418655
2025-05-11,1.732212,0.24584134,0,0.042736843,13.397958755493164,0.17918026447296143,45.63052749633789,0.062255967408418655
2025-05-11,-1.2908534,0.91515106,0,0.05514548,13.397958755493164,0.17918026447296143,45.63052749633789,0.062255967408418655
2025-05-11,-1.0583131,0.91515106,0,0.040716503,13.397958755493164,0.17918026447296143,45.63052749633789,0.062255967408418655
2025-05-11,-0.82576764,0.91515106,0,0.03708334,13.397958755493164,0.17918026447296143,45.63052749633789,0.062255967408418655
2025-05-11,-0.5932221,0.91515106,0,0.022555823,13.397958755493164,0.17918026447296143,45.63052749633789,0.062255967408418655
2025-05-11,0.33694938,0.91515106,0,0.022316497,13.397958755493164,0.17918026447296143,45.63052749633789,0.062255967408418655
2025-05-11,0.5694949,0.91515106,0,0.027391272,13.397958755493164,0.17918026447296143,45.63052749633789,0.062255967408418655
2025-05-11,0.8020404,0.91515106,0,0.04096049,13.397958755493164,0.17918026447296143,45.63052749633789,0.062255967408418655
2025-05-11,1.0345806,0.91515106,0,0.039442796,13.397958755493164,0.17918026447296143,45.63052749633789,0.062255967408418655
2025-05-11,1.2671261,0.91515106,0,0.031872947,13.397958755493164,0.17918026447296143,45.63052749633789,0.062255967408418655
2025-05-11,1.4996717,0.91515106,0,0.023836263,13.397958755493164,0.17918026447296143,45.63052749633789,0.062255967408418655
2025-05-11,1.732212,0.91515106,0,0.020444432,13.397958755493164,0.17918026447296143,45.63052749633789,0.062255967408418655
2025-05-11,0.8020404,1.5844607,0,0.03085486,13.397958755493164,0.17918026447296143,45.63052749633789,0.062255967408418655
2025-05-11,1.0345806,1.5844607,0,0.046364434,13.397958755493164,0.17918026447296143,45.63052749633789,0.062255967408418655
2025-05-11,1.2671261,1.5844607,0,0.047627788,13.397958755493164,0.17918026447296143,45.63052749633789,0.062255967408418655
2025-05-11,1.4996717,1.5844607,0,0.034763694,13.397958755493164,0.17918026447296143,45.63052749633789,0.062255967408418655
