date,x,y,observed,predicted,lon_mean,lon_std,lat_mean,lat_std
2025-05-15,-1.290851,-2.43128,0,0.0,13.397958755493164,0.17918026447296143,45.63052749633789,0.062255967408418655
2025-05-15,-1.0583107,-2.43128,0,0.0,13.397958755493164,0.17918026447296143,45.63052749633789,0.062255967408418655
2025-05-15,-1.290851,-1.7620314,0,0.0,13.397958755493164,0.17918026447296143,45.63052749633789,0.062255967408418655
2025-05-15,-1.0583107,-1.7620314,0,0.0,13.397958755493164,0.17918026447296143,45.63052749633789,0.062255967408418655
2025-05-15,-0.82576525,-1.7620314,0,0.0,13.397958755493164,0.17918026447296143,45.63052749633789,0.062255967408418655
2025-05-15,-1.290851,-1.0927217,0,0.0,13.397958755493164,0.17918026447296143,45.63052749633789,0.062255967408418655
2025-05-15,-1.0583107,-1.0927217,0,0.0,13.397958755493164,0.17918026447296143,45.63052749633789,0.062255967408418655
2025-05-15,-0.82576525,-1.0927217,0,0.0,13.397958755493164,0.17918026447296143,45.63052749633789,0.062255967408418655
2025-05-15,-0.5932197,-1.0927217,0,0.0,13.397958755493164,0.17918026447296143,45.63052749633789,0.062255967408418655
2025-05-15,-0.3606795,-1.0927217,0,0.0,13.397958755493164,0.17918026447296143,45.63052749633789,0.062255967408418655
2025-05-15,-1.290851,-0.42341205,4,0.5525410955570759,13.397958755493164,0.17918026447296143,45.63052749633789,0.062255967408418655
2025-05-15,-1.0583107,-0.42341205,0,0.3205639014883649,13.397958755493164,0.17918026447296143,45.63052749633789,0.062255967408418655
2025-05-15,-0.82576525,-0.42341205,0,0.20955902212913705,13.397958755493164,0.17918026447296143,45.63052749633789,0.062255967408418655
2025-05-15,-0.5932197,-0.42341205,0,0.06067776724897213,13.397958755493164,0.17918026447296143,45.63052749633789,0.062255967408418655
2025-05-15,-0.3606795,-0.42341205,0,0.10579302156774825,13.397958755493164,0.17918026447296143,45.63052749633789,0.062255967408418655
2025-05-15,-0.12813397,-0.42341205,0,0.4411436161634817,13.397958755493164,0.17918026447296143,45.63052749633789,0.062255967408418655
2025-05-15,0.104411565,-0.42341205,0,0.5368004577702734,13.397958755493164,0.17918026447296143,45.63052749633789,0.062255967408418655
2025-05-15,0.33695176,-0.42341205,0,0.5918102883644859,13.397958755493164,0.17918026447296143,45.63052749633789,0.062255967408418655
2025-05-15,0.5694973,-0.42341205,0,1.2185935563040706,13.397958755493164,0.17918026447296143,45.63052749633789,0.062255967408418655
2025-05-15,1.7322143,-0.42341205,0,0.0,13.397958755493164,0.17918026447296143,45.63052749633789,0.062255967408418655
2025-05-15,-1.290851,0.24583635,0,0.5142028923282111,13.397958755493164,0.17918026447296143,45.63052749633789,0.062255967408418655
2025-05-15,-1.0583107,0.24583635,5,5.568264399782309,13.397958755493164,0.17918026447296143,45.63052749633789,0.062255967408418655
2025-05-15,-0.82576525,0.24583635,2,2.5046613550885746,13.397958755493164,0.17918026447296143,45.63052749633789,0.062255967408418655
2025-05-15,-0.5932197,0.24583635,2,1.1559532729286424,13.397958755493164,0.17918026447296143,45.63052749633789,0.062255967408418655
2025-05-15,-0.3606795,0.24583635,0,0.7786881454320052,13.397958755493164,0.17918026447296143,45.63052749633789,0.062255967408418655
2025-05-15,-0.12813397,0.24583635,0,0.10545982099191283,13.397958755493164,0.17918026447296143,45.63052749633789,0.062255967408418655
2025-05-15,0.104411565,0.24583635,0,0.04144392356085034,13.397958755493164,0.17918026447296143,45.63052749633789,0.062255967408418655
2025-05-15,0.33695176,0.24583635,0,0.1428412003624624,13.397958755493164,0.17918026447296143,45.63052749633789,0.062255967408418655
2025-05-15,0.5694973,0.24583635,0,0.5381672355234599,13.397958755493164,0.17918026447296143,45.63052749633789,0.062255967408418655
2025-05-15,0.80204284,0.24583635,0,1.125937958565122,13.397958755493164,0.17918026447296143,45.63052749633789,0.062255967408418655
2025-05-15,1.0345831,0.24583635,0,1.4075899843100066,13.397958755493164,0.17918026447296143,45.63052749633789,0.062255967408418655
2025-05-15,1.2671286,0.24583635,0,0.6848392582458929,13.397958755493164,0.17918026447296143,45.63052749633789,0.062255967408418655
2025-05-15,1.4996741,0.24583635,0,0.1961746638434224,13.397958755493164,0.17918026447296143,45.63052749633789,0.062255967408418655
2025-05-15,1.7322143,0.24583635,0,0.0,13.397958755493164,0.17918026447296143,45.63052749633789,0.062255967408418655
2025-05-15,-1.290851,0.91514605,1,0.16851531589101343,13.397958755493164,0.17918026447296143,45.63052749633789,0.062255967408418655
2025-05-15,-1.0583107,0.91514605,0,0.08680269956364481,13.397958755493164,0.17918026447296143,45.63052749633789,0.062255967408418655
2025-05-15,-0.82576525,0.91514605,1,0.0,13.397958755493164,0.17918026447296143,45.63052749633789,0.062255967408418655
2025-05-15,-0.5932197,0.91514605,0,0.0,13.397958755493164,0.17918026447296143,45.63052749633789,0.062255967408418655
2025-05-15,0.33695176,0.91514605,0,0.0,13.397958755493164,0.17918026447296143,45.63052749633789,0.062255967408418655
2025-05-15,0.5694973,0.91514605,0,0.0,13.397958755493164,0.17918026447296143,45.63052749633789,0.062255967408418655
2025-05-15,0.80204284,0.91514605,0,0.0,13.397958755493164,0.17918026447296143,45.63052749633789,0.062255967408418655
2025-05-15,1.0345831,0.91514605,0,0.0,13.397958755493164,0.17918026447296143,45.63052749633789,0.062255967408418655
2025-05-15,1.2671286,0.91514605,0,0.0,13.397958755493164,0.17918026447296143,45.63052749633789,0.062255967408418655
2025-05-15,1.4996741,0.91514605,0,0.0,13.397958755493164,0.17918026447296143,45.63052749633789,0.062255967408418655
2025-05-15,1.7322143,0.91514605,0,0.0,13.397958755493164,0.17918026447296143,45.63052749633789,0.062255967408418655
2025-05-15,0.80204284,1.5844557,0,0.0,13.397958755493164,0.17918026447296143,45.63052749633789,0.062255967408418655
2025-05-15,1.0345831,1.5844557,0,0.0,13.397958755493164,0.17918026447296143,45.63052749633789,0.062255967408418655
2025-05-15,1.2671286,1.5844557,0,0.0,13.397958755493164,0.17918026447296143,45.63052749633789,0.062255967408418655
2025-05-15,1.4996741,1.5844557,0,0.0,13.397958755493164,0.17918026447296143,45.63052749633789,0.062255967408418655
2025-05-16,-1.290851,-2.43128,0,0.0,13.397958755493164,0.17918026447296143,45.63052749633789,0.062255967408418655
2025-05-16,-1.0583107,-2.43128,0,0.0,13.397958755493164,0.17918026447296143,45.63052749633789,0.062255967408418655
2025-05-16,-1.290851,-1.7620314,0,0.0,13.397958755493164,0.17918026447296143,45.63052749633789,0.062255967408418655
2025-05-16,-1.0583107,-1.7620314,0,0.0,13.397958755493164,0.17918026447296143,45.63052749633789,0.062255967408418655
2025-05-16,-0.82576525,-1.7620314,0,0.0,13.397958755493164,0.17918026447296143,45.63052749633789,0.062255967408418655
2025-05-16,-1.290851,-1.0927217,0,0.0,13.397958755493164,0.17918026447296143,45.63052749633789,0.062255967408418655
2025-05-16,-1.0583107,-1.0927217,0,0.0,13.397958755493164,0.17918026447296143,45.63052749633789,0.062255967408418655
2025-05-16,-0.82576525,-1.0927217,0,0.0,13.397958755493164,0.17918026447296143,45.63052749633789,0.062255967408418655
2025-05-16,-0.5932197,-1.0927217,0,0.0,13.397958755493164,0.17918026447296143,45.63052749633789,0.062255967408418655
2025-05-16,-0.3606795,-1.0927217,0,0.0,13.397958755493164,0.17918026447296143,45.63052749633789,0.062255967408418655
2025-05-16,-1.290851,-0.42341205,0,1.2203178968259178,13.397958755493164,0.17918026447296143,45.63052749633789,0.062255967408418655
2025-05-16,-1.0583107,-0.42341205,0,0.36877390735919846,13.397958755493164,0.17918026447296143,45.63052749633789,0.062255967408418655
2025-05-16,-0.82576525,-0.42341205,0,0.1586589627579269,13.397958755493164,0.17918026447296143,45.63052749633789,0.062255967408418655
2025-05-16,-0.5932197,-0.42341205,0,0.058845860612056024,13.397958755493164,0.17918026447296143,45.63052749633789,0.062255967408418655
2025-05-16,-0.3606795,-0.42341205,0,0.08910261610718391,13.397958755493164,0.17918026447296143,45.63052749633789,0.062255967408418655
2025-05-16,-0.12813397,-0.42341205,0,0.3186454673661702,13.397958755493164,0.17918026447296143,45.63052749633789,0.062255967408418655
2025-05-16,0.104411565,-0.42341205,0,0.39454111581247997,13.397958755493164,0.17918026447296143,45.63052749633789,0.062255967408418655
2025-05-16,0.33695176,-0.42341205,0,0.43648094414539773,13.397958755493164,0.17918026447296143,45.63052749633789,0.062255967408418655
2025-05-16,0.5694973,-0.42341205,0,0.5063534577678108,13.397958755493164,0.17918026447296143,45.63052749633789,0.062255967408418655
2025-05-16,1.7322143,-0.42341205,0,0.0,13.397958755493164,0.17918026447296143,45.63052749633789,0.062255967408418655
2025-05-16,-1.290851,0.24583635,0,0.35136017052682555,13.397958755493164,0.17918026447296143,45.63052749633789,0.062255967408418655
2025-05-16,-1.0583107,0.24583635,0,3.0935942342154084,13.397958755493164,0.17918026447296143,45.63052749633789,0.062255967408418655
2025-05-16,-0.82576525,0.24583635,0,1.240379775741831,13.397958755493164,0.17918026447296143,45.63052749633789,0.062255967408418655
2025-05-16,-0.5932197,0.24583635,0,0.706560520613805,13.397958755493164,0.17918026447296143,45.63052749633789,0.062255967408418655
2025-05-16,-0.3606795,0.24583635,0,0.38844101811798804,13.397958755493164,0.17918026447296143,45.63052749633789,0.062255967408418655
2025-05-16,-0.12813397,0.24583635,0,0.09767366240805385,13.397958755493164,0.17918026447296143,45.63052749633789,0.062255967408418655
2025-05-16,0.104411565,0.24583635,0,0.040749300911892335,13.397958755493164,0.17918026447296143,45.63052749633789,0.062255967408418655
2025-05-16,0.33695176,0.24583635,0,0.13698662972483483,13.397958755493164,0.17918026447296143,45.63052749633789,0.062255967408418655
2025-05-16,0.5694973,0.24583635,0,0.45909513805479346,13.397958755493164,0.17918026447296143,45.63052749633789,0.062255967408418655
2025-05-16,0.80204284,0.24583635,0,0.6379798564798859,13.397958755493164,0.17918026447296143,45.63052749633789,0.062255967408418655
2025-05-16,1.0345831,0.24583635,0,0.7898301202995042,13.397958755493164,0.17918026447296143,45.63052749633789,0.062255967408418655
2025-05-16,1.2671286,0.24583635,0,0.5936582102914684,13.397958755493164,0.17918026447296143,45.63052749633789,0.062255967408418655
2025-05-16,1.4996741,0.24583635,0,0.1741950788299469,13.397958755493164,0.17918026447296143,45.63052749633789,0.062255967408418655
2025-05-16,1.7322143,0.24583635,0,0.0,13.397958755493164,0.17918026447296143,45.63052749633789,0.062255967408418655
2025-05-16,-1.290851,0.91514605,0,0.1553670992574454,13.397958755493164,0.17918026447296143,45.63052749633789,0.062255967408418655
2025-05-16,-1.0583107,0.91514605,0,0.06615825074030374,13.397958755493164,0.17918026447296143,45.63052749633789,0.062255967408418655
2025-05-16,-0.82576525,0.91514605,0,0.09043966706287779,13.397958755493164,0.17918026447296143,45.63052749633789,0.062255967408418655
2025-05-16,-0.5932197,0.91514605,0,0.0,13.397958755493164,0.17918026447296143,45.63052749633789,0.062255967408418655
2025-05-16,0.33695176,0.91514605,0,0.0,13.397958755493164,0.17918026447296143,45.63052749633789,0.062255967408418655
2025-05-16,0.5694973,0.91514605,0,0.0,13.397958755493164,0.17918026447296143,45.63052749633789,0.062255967408418655
2025-05-16,0.80204284,0.91514605,0,0.0,13.397958755493164,0.17918026447296143,45.63052749633789,0.062255967408418655
2025-05-16,1.0345831,0.91514605,0,0.0,13.397958755493164,0.17918026447296143,45.63052749633789,0.062255967408418655
2025-05-16,1.2671286,0.91514605,0,0.0,13.397958755493164,0.17918026447296143,45.63052749633789,0.062255967408418655
2025-05-16,1.4996741,0.91514605,0,0.0,13.397958755493164,0.17918026447296143,45.63052749633789,0.062255967408418655
2025-05-16,1.7322143,0.91514605,0,0.0,13.397958755493164,0.17918026447296143,45.63052749633789,0.062255967408418655
2025-05-16,0.80204284,1.5844557,0,0.0,13.397958755493164,0.17918026447296143,45.63052749633789,0.062255967408418655
2025-05-16,1.0345831,1.5844557,0,0.0,13.397958755493164,0.17918026447296143,45.63052749633789,0.062255967408418655
2025-05-16,1.2671286,1.5844557,0,0.0,13.397958755493164,0.17918026447296143,45.63052749633789,0.062255967408418655
2025-05-16,1.4996741,1.5844557,0,0.0,13.397958755493164,0.17918026447296143,45.63052749633789,0.062255967408418655
2025-05-17,-1.290851,-2.43128,0,0.0,13.397958755493164,0.17918026447296143,45.63052749633789,0.062255967408418655
2025-05-17,-1.0583107,-2.43128,0,0.0,13.397958755493164,0.17918026447296143,45.63052749633789,0.062255967408418655
2025-05-17,-1.290851,-1.7620314,0,0.0,13.397958755493164,0.17918026447296143,45.63052749633789,0.062255967408418655
2025-05-17,-1.0583107,-1.7620314,0,0.0,13.397958755493164,0.17918026447296143,45.63052749633789,0.062255967408418655
2025-05-17,-0.82576525,-1.7620314,0,0.0,13.397958755493164,0.17918026447296143,45.63052749633789,0.062255967408418655
2025-05-17,-1.290851,-1.0927217,0,0.0,13.397958755493164,0.17918026447296143,45.63052749633789,0.062255967408418655
2025-05-17,-1.0583107,-1.0927217,0,0.0,13.397958755493164,0.17918026447296143,45.63052749633789,0.062255967408418655
2025-05-17,-0.82576525,-1.0927217,0,0.0,13.397958755493164,0.17918026447296143,45.63052749633789,0.062255967408418655
2025-05-17,-0.5932197,-1.0927217,0,0.0,13.397958755493164,0.17918026447296143,45.63052749633789,0.062255967408418655
2025-05-17,-0.3606795,-1.0927217,0,0.0,13.397958755493164,0.17918026447296143,45.63052749633789,0.062255967408418655
2025-05-17,-1.290851,-0.42341205,0,0.0,13.397958755493164,0.17918026447296143,45.63052749633789,0.062255967408418655
2025-05-17,-1.0583107,-0.42341205,0,0.0,13.397958755493164,0.17918026447296143,45.63052749633789,0.062255967408418655
2025-05-17,-0.82576525,-0.42341205,0,0.0,13.397958755493164,0.17918026447296143,45.63052749633789,0.062255967408418655
2025-05-17,-0.5932197,-0.42341205,0,0.0,13.397958755493164,0.17918026447296143,45.63052749633789,0.062255967408418655
2025-05-17,-0.3606795,-0.42341205,0,0.0,13.397958755493164,0.17918026447296143,45.63052749633789,0.062255967408418655
2025-05-17,-0.12813397,-0.42341205,0,0.0,13.397958755493164,0.17918026447296143,45.63052749633789,0.062255967408418655
2025-05-17,0.104411565,-0.42341205,0,0.0,13.397958755493164,0.17918026447296143,45.63052749633789,0.062255967408418655
2025-05-17,0.33695176,-0.42341205,0,0.0,13.397958755493164,0.17918026447296143,45.63052749633789,0.062255967408418655
2025-05-17,0.5694973,-0.42341205,0,0.0,13.397958755493164,0.17918026447296143,45.63052749633789,0.062255967408418655
2025-05-17,1.7322143,-0.42341205,0,0.0,13.397958755493164,0.17918026447296143,45.63052749633789,0.062255967408418655
2025-05-17,-1.290851,0.24583635,0,0.17572437473952918,13.397958755493164,0.17918026447296143,45.63052749633789,0.062255967408418655
2025-05-17,-1.0583107,0.24583635,0,0.32525754052500755,13.397958755493164,0.17918026447296143,45.63052749633789,0.062255967408418655
2025-05-17,-0.82576525,0.24583635,0,0.2713759812380617,13.397958755493164,0.17918026447296143,45.63052749633789,0.062255967408418655
2025-05-17,-0.5932197,0.24583635,0,0.0,13.397958755493164,0.17918026447296143,45.63052749633789,0.062255967408418655
2025-05-17,-0.3606795,0.24583635,0,0.0,13.397958755493164,0.17918026447296143,45.63052749633789,0.062255967408418655
2025-05-17,-0.12813397,0.24583635,0,0.0,13.397958755493164,0.17918026447296143,45.63052749633789,0.062255967408418655
2025-05-17,0.104411565,0.24583635,0,0.0,13.397958755493164,0.17918026447296143,45.63052749633789,0.062255967408418655
2025-05-17,0.33695176,0.24583635,0,0.0,13.397958755493164,0.17918026447296143,45.63052749633789,0.062255967408418655
2025-05-17,0.5694973,0.24583635,0,0.0,13.397958755493164,0.17918026447296143,45.63052749633789,0.062255967408418655
2025-05-17,0.80204284,0.24583635,0,0.0,13.397958755493164,0.17918026447296143,45.63052749633789,0.062255967408418655
2025-05-17,1.0345831,0.24583635,0,0.0,13.397958755493164,0.17918026447296143,45.63052749633789,0.062255967408418655
2025-05-17,1.2671286,0.24583635,0,0.0,13.397958755493164,0.17918026447296143,45.63052749633789,0.062255967408418655
2025-05-17,1.4996741,0.24583635,1,0.0,13.397958755493164,0.17918026447296143,45.63052749633789,0.062255967408418655
2025-05-17,1.7322143,0.24583635,0,0.0,13.397958755493164,0.17918026447296143,45.63052749633789,0.062255967408418655
2025-05-17,-1.290851,0.91514605,0,0.0,13.397958755493164,0.17918026447296143,45.63052749633789,0.062255967408418655
2025-05-17,-1.0583107,0.91514605,0,0.0,13.397958755493164,0.17918026447296143,45.63052749633789,0.062255967408418655
2025-05-17,-0.82576525,0.91514605,0,0.0,13.397958755493164,0.17918026447296143,45.63052749633789,0.062255967408418655
2025-05-17,-0.5932197,0.91514605,0,0.0,13.397958755493164,0.17918026447296143,45.63052749633789,0.062255967408418655
2025-05-17,0.33695176,0.91514605,0,0.0,13.397958755493164,0.17918026447296143,45.63052749633789,0.062255967408418655
2025-05-17,0.5694973,0.91514605,0,0.0,13.397958755493164,0.17918026447296143,45.63052749633789,0.062255967408418655
2025-05-17,0.80204284,0.91514605,0,0.0,13.397958755493164,0.17918026447296143,45.63052749633789,0.062255967408418655
2025-05-17,1.0345831,0.91514605,1,0.0,13.397958755493164,0.17918026447296143,45.63052749633789,0.062255967408418655
2025-05-17,1.2671286,0.91514605,0,0.0,13.397958755493164,0.17918026447296143,45.63052749633789,0.062255967408418655
2025-05-17,1.4996741,0.91514605,0,0.0,13.397958755493164,0.17918026447296143,45.63052749633789,0.062255967408418655
2025-05-17,1.7322143,0.91514605,0,0.0,13.397958755493164,0.17918026447296143,45.63052749633789,0.062255967408418655
2025-05-17,0.80204284,1.5844557,0,0.0,13.397958755493164,0.17918026447296143,45.63052749633789,0.062255967408418655
2025-05-17,1.0345831,1.5844557,1,0.0,13.397958755493164,0.17918026447296143,45.63052749633789,0.062255967408418655
2025-05-17,1.2671286,1.5844557,0,0.0,13.397958755493164,0.17918026447296143,45.63052749633789,0.062255967408418655
2025-05-17,1.4996741,1.5844557,0,0.0,13.397958755493164,0.17918026447296143,45.63052749633789,0.062255967408418655
2025-05-18,-1.290851,-2.43128,0,0.0,13.397958755493164,0.17918026447296143,45.63052749633789,0.062255967408418655
2025-05-18,-1.0583107,-2.43128,0,0.0,13.397958755493164,0.17918026447296143,45.63052749633789,0.062255967408418655
2025-05-18,-1.290851,-1.7620314,0,0.0,13.397958755493164,0.17918026447296143,45.63052749633789,0.062255967408418655
2025-05-18,-1.0583107,-1.7620314,0,0.0,13.397958755493164,0.17918026447296143,45.63052749633789,0.062255967408418655
2025-05-18,-0.82576525,-1.7620314,0,0.0,13.397958755493164,0.17918026447296143,45.63052749633789,0.062255967408418655
2025-05-18,-1.290851,-1.0927217,0,0.0,13.397958755493164,0.17918026447296143,45.63052749633789,0.062255967408418655
2025-05-18,-1.0583107,-1.0927217,0,0.0,13.397958755493164,0.17918026447296143,45.63052749633789,0.062255967408418655
2025-05-18,-0.82576525,-1.0927217,0,0.0,13.397958755493164,0.17918026447296143,45.63052749633789,0.062255967408418655
2025-05-18,-0.5932197,-1.0927217,0,0.0,13.397958755493164,0.17918026447296143,45.63052749633789,0.062255967408418655
2025-05-18,-0.3606795,-1.0927217,0,0.0,13.397958755493164,0.17918026447296143,45.63052749633789,0.062255967408418655
2025-05-18,-1.290851,-0.42341205,0,0.0,13.397958755493164,0.17918026447296143,45.63052749633789,0.062255967408418655
2025-05-18,-1.0583107,-0.42341205,0,0.0,13.397958755493164,0.17918026447296143,45.63052749633789,0.062255967408418655
2025-05-18,-0.82576525,-0.42341205,0,0.0,13.397958755493164,0.17918026447296143,45.63052749633789,0.062255967408418655
2025-05-18,-0.5932197,-0.42341205,0,0.0,13.397958755493164,0.17918026447296143,45.63052749633789,0.062255967408418655
2025-05-18,-0.3606795,-0.42341205,0,0.0,13.397958755493164,0.17918026447296143,45.63052749633789,0.062255967408418655
2025-05-18,-0.12813397,-0.42341205,0,0.0,13.397958755493164,0.17918026447296143,45.63052749633789,0.062255967408418655
2025-05-18,0.104411565,-0.42341205,0,0.0,13.397958755493164,0.17918026447296143,45.63052749633789,0.062255967408418655
2025-05-18,0.33695176,-0.42341205,0,0.0,13.397958755493164,0.17918026447296143,45.63052749633789,0.062255967408418655
2025-05-18,0.5694973,-0.42341205,0,0.0,13.397958755493164,0.17918026447296143,45.63052749633789,0.062255967408418655
2025-05-18,1.7322143,-0.42341205,0,0.0,13.397958755493164,0.17918026447296143,45.63052749633789,0.062255967408418655
2025-05-18,-1.290851,0.24583635,1,0.1483437878001835,13.397958755493164,0.17918026447296143,45.63052749633789,0.062255967408418655
2025-05-18,-1.0583107,0.24583635,0,0.2882587294679723,13.397958755493164,0.17918026447296143,45.63052749633789,0.062255967408418655
2025-05-18,-0.82576525,0.24583635,0,0.29490080762593907,13.397958755493164,0.17918026447296143,45.63052749633789,0.062255967408418655
2025-05-18,-0.5932197,0.24583635,0,0.16598735559643163,13.397958755493164,0.17918026447296143,45.63052749633789,0.062255967408418655
2025-05-18,-0.3606795,0.24583635,0,0.07901757813907916,13.397958755493164,0.17918026447296143,45.63052749633789,0.062255967408418655
2025-05-18,-0.12813397,0.24583635,0,0.0,13.397958755493164,0.17918026447296143,45.63052749633789,0.062255967408418655
2025-05-18,0.104411565,0.24583635,0,0.0,13.397958755493164,0.17918026447296143,45.63052749633789,0.062255967408418655
2025-05-18,0.33695176,0.24583635,0,0.0,13.397958755493164,0.17918026447296143,45.63052749633789,0.062255967408418655
2025-05-18,0.5694973,0.24583635,0,0.0,13.397958755493164,0.17918026447296143,45.63052749633789,0.062255967408418655
2025-05-18,0.80204284,0.24583635,0,0.0,13.397958755493164,0.17918026447296143,45.63052749633789,0.062255967408418655
2025-05-18,1.0345831,0.24583635,0,0.0,13.397958755493164,0.17918026447296143,45.63052749633789,0.062255967408418655
2025-05-18,1.2671286,0.24583635,0,0.0,13.397958755493164,0.17918026447296143,45.63052749633789,0.062255967408418655
2025-05-18,1.4996741,0.24583635,0,0.06389359685631878,13.397958755493164,0.17918026447296143,45.63052749633789,0.062255967408418655
2025-05-18,1.7322143,0.24583635,0,0.0,13.397958755493164,0.17918026447296143,45.63052749633789,0.062255967408418655
2025-05-18,-1.290851,0.91514605,0,0.0,13.397958755493164,0.17918026447296143,45.63052749633789,0.062255967408418655
2025-05-18,-1.0583107,0.91514605,0,0.0,13.397958755493164,0.17918026447296143,45.63052749633789,0.062255967408418655
2025-05-18,-0.82576525,0.91514605,0,0.0,13.397958755493164,0.17918026447296143,45.63052749633789,0.062255967408418655
2025-05-18,-0.5932197,0.91514605,0,0.0,13.397958755493164,0.17918026447296143,45.63052749633789,0.062255967408418655
2025-05-18,0.33695176,0.91514605,0,0.0,13.397958755493164,0.17918026447296143,45.63052749633789,0.062255967408418655
2025-05-18,0.5694973,0.91514605,0,0.0,13.397958755493164,0.17918026447296143,45.63052749633789,0.062255967408418655
2025-05-18,0.80204284,0.91514605,0,0.0,13.397958755493164,0.17918026447296143,45.63052749633789,0.062255967408418655
2025-05-18,1.0345831,0.91514605,0,0.07105960272128845,13.397958755493164,0.17918026447296143,45.63052749633789,0.062255967408418655
2025-05-18,1.2671286,0.91514605,0,0.0,13.397958755493164,0.17918026447296143,45.63052749633789,0.062255967408418655
2025-05-18,1.4996741,0.91514605,2,0.0,13.397958755493164,0.17918026447296143,45.63052749633789,0.062255967408418655
2025-05-18,1.7322143,0.91514605,1,0.0,13.397958755493164,0.17918026447296143,45.63052749633789,0.062255967408418655
2025-05-18,0.80204284,1.5844557,0,0.0,13.397958755493164,0.17918026447296143,45.63052749633789,0.062255967408418655
2025-05-18,1.0345831,1.5844557,0,0.0,13.397958755493164,0.17918026447296143,45.63052749633789,0.062255967408418655
2025-05-18,1.2671286,1.5844557,0,0.0,13.397958755493164,0.17918026447296143,45.63052749633789,0.062255967408418655
2025-05-18,1.4996741,1.5844557,0,0.0,13.397958755493164,0.17918026447296143,45.63052749633789,0.062255967408418655
2025-05-19,-1.290851,-2.43128,0,0.0,13.397958755493164,0.17918026447296143,45.63052749633789,0.062255967408418655
2025-05-19,-1.0583107,-2.43128,0,0.0,13.397958755493164,0.17918026447296143,45.63052749633789,0.062255967408418655
2025-05-19,-1.290851,-1.7620314,0,0.0,13.397958755493164,0.17918026447296143,45.63052749633789,0.062255967408418655
2025-05-19,-1.0583107,-1.7620314,0,0.0,13.397958755493164,0.17918026447296143,45.63052749633789,0.062255967408418655
2025-05-19,-0.82576525,-1.7620314,0,0.0,13.397958755493164,0.17918026447296143,45.63052749633789,0.062255967408418655
2025-05-19,-1.290851,-1.0927217,0,0.0,13.397958755493164,0.17918026447296143,45.63052749633789,0.062255967408418655
2025-05-19,-1.0583107,-1.0927217,0,0.0,13.397958755493164,0.17918026447296143,45.63052749633789,0.062255967408418655
2025-05-19,-0.82576525,-1.0927217,0,0.0,13.397958755493164,0.17918026447296143,45.63052749633789,0.062255967408418655
2025-05-19,-0.5932197,-1.0927217,0,0.0,13.397958755493164,0.17918026447296143,45.63052749633789,0.062255967408418655
2025-05-19,-0.3606795,-1.0927217,0,0.0,13.397958755493164,0.17918026447296143,45.63052749633789,0.062255967408418655
2025-05-19,-1.290851,-0.42341205,5,0.7391014408323595,13.397958755493164,0.17918026447296143,45.63052749633789,0.062255967408418655
2025-05-19,-1.0583107,-0.42341205,1,0.40479289317383604,13.397958755493164,0.17918026447296143,45.63052749633789,0.062255967408418655
2025-05-19,-0.82576525,-0.42341205,0,0.09977041425680219,13.397958755493164,0.17918026447296143,45.63052749633789,0.062255967408418655
2025-05-19,-0.5932197,-0.42341205,0,0.047272037257531124,13.397958755493164,0.17918026447296143,45.63052749633789,0.062255967408418655
2025-05-19,-0.3606795,-0.42341205,0,0.07009320678166178,13.397958755493164,0.17918026447296143,45.63052749633789,0.062255967408418655
2025-05-19,-0.12813397,-0.42341205,0,0.3292623000157156,13.397958755493164,0.17918026447296143,45.63052749633789,0.062255967408418655
2025-05-19,0.104411565,-0.42341205,0,0.5612540835607155,13.397958755493164,0.17918026447296143,45.63052749633789,0.062255967408418655
2025-05-19,0.33695176,-0.42341205,0,0.5659669714089788,13.397958755493164,0.17918026447296143,45.63052749633789,0.062255967408418655
2025-05-19,0.5694973,-0.42341205,0,0.7595220055646045,13.397958755493164,0.17918026447296143,45.63052749633789,0.062255967408418655
2025-05-19,1.7322143,-0.42341205,0,0.0,13.397958755493164,0.17918026447296143,45.63052749633789,0.062255967408418655
2025-05-19,-1.290851,0.24583635,1,0.8728956370650723,13.397958755493164,0.17918026447296143,45.63052749633789,0.062255967408418655
2025-05-19,-1.0583107,0.24583635,4,2.0415742701177555,13.397958755493164,0.17918026447296143,45.63052749633789,0.062255967408418655
2025-05-19,-0.82576525,0.24583635,4,2.126985549645599,13.397958755493164,0.17918026447296143,45.63052749633789,0.062255967408418655
2025-05-19,-0.5932197,0.24583635,1,1.2661789582127334,13.397958755493164,0.17918026447296143,45.63052749633789,0.062255967408418655
2025-05-19,-0.3606795,0.24583635,2,0.6709966120283457,13.397958755493164,0.17918026447296143,45.63052749633789,0.062255967408418655
2025-05-19,-0.12813397,0.24583635,0,0.13510101906724648,13.397958755493164,0.17918026447296143,45.63052749633789,0.062255967408418655
2025-05-19,0.104411565,0.24583635,0,0.05072711985664743,13.397958755493164,0.17918026447296143,45.63052749633789,0.062255967408418655
2025-05-19,0.33695176,0.24583635,0,0.21633218206290536,13.397958755493164,0.17918026447296143,45.63052749633789,0.062255967408418655
2025-05-19,0.5694973,0.24583635,0,0.7663088528457466,13.397958755493164,0.17918026447296143,45.63052749633789,0.062255967408418655
2025-05-19,0.80204284,0.24583635,0,1.0051793603992996,13.397958755493164,0.17918026447296143,45.63052749633789,0.062255967408418655
2025-05-19,1.0345831,0.24583635,0,1.075651385060023,13.397958755493164,0.17918026447296143,45.63052749633789,0.062255967408418655
2025-05-19,1.2671286,0.24583635,0,0.47690682855560107,13.397958755493164,0.17918026447296143,45.63052749633789,0.062255967408418655
2025-05-19,1.4996741,0.24583635,0,0.21409477413767286,13.397958755493164,0.17918026447296143,45.63052749633789,0.062255967408418655
2025-05-19,1.7322143,0.24583635,0,0.0,13.397958755493164,0.17918026447296143,45.63052749633789,0.062255967408418655
2025-05-19,-1.290851,0.91514605,0,0.12230283024685298,13.397958755493164,0.17918026447296143,45.63052749633789,0.062255967408418655
2025-05-19,-1.0583107,0.91514605,0,0.1055179364871691,13.397958755493164,0.17918026447296143,45.63052749633789,0.062255967408418655
2025-05-19,-0.82576525,0.91514605,0,0.0,13.397958755493164,0.17918026447296143,45.63052749633789,0.062255967408418655
2025-05-19,-0.5932197,0.91514605,0,0.0,13.397958755493164,0.17918026447296143,45.63052749633789,0.062255967408418655
2025-05-19,0.33695176,0.91514605,0,0.0,13.397958755493164,0.17918026447296143,45.63052749633789,0.062255967408418655
2025-05-19,0.5694973,0.91514605,0,0.0,13.397958755493164,0.17918026447296143,45.63052749633789,0.062255967408418655
2025-05-19,0.80204284,0.91514605,0,0.0,13.397958755493164,0.17918026447296143,45.63052749633789,0.062255967408418655
2025-05-19,1.0345831,0.91514605,0,0.0,13.397958755493164,0.17918026447296143,45.63052749633789,0.062255967408418655
2025-05-19,1.2671286,0.91514605,0,0.0,13.397958755493164,0.17918026447296143,45.63052749633789,0.062255967408418655
2025-05-19,1.4996741,0.91514605,0,0.13212822001854252,13.397958755493164,0.17918026447296143,45.63052749633789,0.062255967408418655
2025-05-19,1.7322143,0.91514605,0,0.06911803596334763,13.397958755493164,0.17918026447296143,45.63052749633789,0.062255967408418655
2025-05-19,0.80204284,1.5844557,0,0.0,13.397958755493164,0.17918026447296143,45.63052749633789,0.062255967408418655
2025-05-19,1.0345831,1.5844557,0,0.0,13.397958755493164,0.17918026447296143,45.63052749633789,0.062255967408418655
2025-05-19,1.2671286,1.5844557,0,0.0,13.397958755493164,0.17918026447296143,45.63052749633789,0.062255967408418655
2025-05-19,1.4996741,1.5844557,0,0.0,13.397958755493164,0.17918026447296143,45.63052749633789,0.062255967408418655
2025-05-20,-1.290851,-2.43128,0,0.0,13.397958755493164,0.17918026447296143,45.63052749633789,0.062255967408418655
2025-05-20,-1.0583107,-2.43128,0,0.0,13.397958755493164,0.17918026447296143,45.63052749633789,0.062255967408418655
2025-05-20,-1.290851,-1.7620314,0,0.0,13.397958755493164,0.17918026447296143,45.63052749633789,0.062255967408418655
2025-05-20,-1.0583107,-1.7620314,0,0.0,13.397958755493164,0.17918026447296143,45.63052749633789,0.062255967408418655
2025-05-20,-0.82576525,-1.7620314,0,0.0,13.397958755493164,0.17918026447296143,45.63052749633789,0.062255967408418655
2025-05-20,-1.290851,-1.0927217,0,0.0,13.397958755493164,0.17918026447296143,45.63052749633789,0.062255967408418655
2025-05-20,-1.0583107,-1.0927217,0,0.0,13.397958755493164,0.17918026447296143,45.63052749633789,0.062255967408418655
2025-05-20,-0.82576525,-1.0927217,0,0.0,13.397958755493164,0.17918026447296143,45.63052749633789,0.062255967408418655
2025-05-20,-0.5932197,-1.0927217,0,0.0,13.397958755493164,0.17918026447296143,45.63052749633789,0.062255967408418655
2025-05-20,-0.3606795,-1.0927217,0,0.0,13.397958755493164,0.17918026447296143,45.63052749633789,0.062255967408418655
2025-05-20,-1.290851,-0.42341205,6,1.8122067502807842,13.397958755493164,0.17918026447296143,45.63052749633789,0.062255967408418655
2025-05-20,-1.0583107,-0.42341205,4,0.46542015483197474,13.397958755493164,0.17918026447296143,45.63052749633789,0.062255967408418655
2025-05-20,-0.82576525,-0.42341205,0,0.1086174653905868,13.397958755493164,0.17918026447296143,45.63052749633789,0.062255967408418655
2025-05-20,-0.5932197,-0.42341205,0,0.056645195717216816,13.397958755493164,0.17918026447296143,45.63052749633789,0.062255967408418655
2025-05-20,-0.3606795,-0.42341205,0,0.09332424366517335,13.397958755493164,0.17918026447296143,45.63052749633789,0.062255967408418655
2025-05-20,-0.12813397,-0.42341205,0,0.5758859704388123,13.397958755493164,0.17918026447296143,45.63052749633789,0.062255967408418655
2025-05-20,0.104411565,-0.42341205,0,0.7906821097942782,13.397958755493164,0.17918026447296143,45.63052749633789,0.062255967408418655
2025-05-20,0.33695176,-0.42341205,0,0.6802995038518462,13.397958755493164,0.17918026447296143,45.63052749633789,0.062255967408418655
2025-05-20,0.5694973,-0.42341205,0,0.8721624330107969,13.397958755493164,0.17918026447296143,45.63052749633789,0.062255967408418655
2025-05-20,1.7322143,-0.42341205,0,0.0,13.397958755493164,0.17918026447296143,45.63052749633789,0.062255967408418655
2025-05-20,-1.290851,0.24583635,4,1.0299266772430933,13.397958755493164,0.17918026447296143,45.63052749633789,0.062255967408418655
2025-05-20,-1.0583107,0.24583635,11,8.050023701832345,13.397958755493164,0.17918026447296143,45.63052749633789,0.062255967408418655
2025-05-20,-0.82576525,0.24583635,4,8.65359684260185,13.397958755493164,0.17918026447296143,45.63052749633789,0.062255967408418655
2025-05-20,-0.5932197,0.24583635,3,1.4274839344414612,13.397958755493164,0.17918026447296143,45.63052749633789,0.062255967408418655
2025-05-20,-0.3606795,0.24583635,1,1.4992121609305185,13.397958755493164,0.17918026447296143,45.63052749633789,0.062255967408418655
2025-05-20,-0.12813397,0.24583635,0,0.14977432080308245,13.397958755493164,0.17918026447296143,45.63052749633789,0.062255967408418655
2025-05-20,0.104411565,0.24583635,0,0.05380155003176485,13.397958755493164,0.17918026447296143,45.63052749633789,0.062255967408418655
2025-05-20,0.33695176,0.24583635,0,0.27357845337440784,13.397958755493164,0.17918026447296143,45.63052749633789,0.062255967408418655
2025-05-20,0.5694973,0.24583635,0,0.93850553013554,13.397958755493164,0.17918026447296143,45.63052749633789,0.062255967408418655
2025-05-20,0.80204284,0.24583635,0,0.9819446646104102,13.397958755493164,0.17918026447296143,45.63052749633789,0.062255967408418655
2025-05-20,1.0345831,0.24583635,0,0.9842571290655902,13.397958755493164,0.17918026447296143,45.63052749633789,0.062255967408418655
2025-05-20,1.2671286,0.24583635,0,0.44682553236126765,13.397958755493164,0.17918026447296143,45.63052749633789,0.062255967408418655
2025-05-20,1.4996741,0.24583635,0,0.19138081888118627,13.397958755493164,0.17918026447296143,45.63052749633789,0.062255967408418655
2025-05-20,1.7322143,0.24583635,0,0.0,13.397958755493164,0.17918026447296143,45.63052749633789,0.062255967408418655
2025-05-20,-1.290851,0.91514605,0,0.14391329274287232,13.397958755493164,0.17918026447296143,45.63052749633789,0.062255967408418655
2025-05-20,-1.0583107,0.91514605,0,0.12561780390881558,13.397958755493164,0.17918026447296143,45.63052749633789,0.062255967408418655
2025-05-20,-0.82576525,0.91514605,0,0.0,13.397958755493164,0.17918026447296143,45.63052749633789,0.062255967408418655
2025-05-20,-0.5932197,0.91514605,0,0.0,13.397958755493164,0.17918026447296143,45.63052749633789,0.062255967408418655
2025-05-20,0.33695176,0.91514605,0,0.0,13.397958755493164,0.17918026447296143,45.63052749633789,0.062255967408418655
2025-05-20,0.5694973,0.91514605,0,0.0,13.397958755493164,0.17918026447296143,45.63052749633789,0.062255967408418655
2025-05-20,0.80204284,0.91514605,0,0.0,13.397958755493164,0.17918026447296143,45.63052749633789,0.062255967408418655
2025-05-20,1.0345831,0.91514605,0,0.0,13.397958755493164,0.17918026447296143,45.63052749633789,0.062255967408418655
2025-05-20,1.2671286,0.91514605,0,0.0,13.397958755493164,0.17918026447296143,45.63052749633789,0.062255967408418655
2025-05-20,1.4996741,0.91514605,0,0.0,13.397958755493164,0.17918026447296143,45.63052749633789,0.062255967408418655
2025-05-20,1.7322143,0.91514605,0,0.0,13.397958755493164,0.17918026447296143,45.63052749633789,0.062255967408418655
2025-05-20,0.80204284,1.5844557,0,0.0,13.397958755493164,0.17918026447296143,45.63052749633789,0.062255967408418655
2025-05-20,1.0345831,1.5844557,0,0.0,13.397958755493164,0.17918026447296143,45.63052749633789,0.062255967408418655
2025-05-20,1.2671286,1.5844557,0,0.0,13.397958755493164,0.17918026447296143,45.63052749633789,0.062255967408418655
2025-05-20,1.4996741,1.5844557,0,0.0,13.397958755493164,0.17918026447296143,45.63052749633789,0.062255967408418655
2025-05-21,-1.290851,-2.43128,0,0.0,13.397958755493164,0.17918026447296143,45.63052749633789,0.062255967408418655
2025-05-21,-1.0583107,-2.43128,0,0.0,13.397958755493164,0.17918026447296143,45.63052749633789,0.062255967408418655
2025-05-21,-1.290851,-1.7620314,0,0.0,13.397958755493164,0.17918026447296143,45.63052749633789,0.062255967408418655
2025-05-21,-1.0583107,-1.7620314,0,0.0,13.397958755493164,0.17918026447296143,45.63052749633789,0.062255967408418655
2025-05-21,-0.82576525,-1.7620314,0,0.0,13.397958755493164,0.17918026447296143,45.63052749633789,0.062255967408418655
2025-05-21,-1.290851,-1.0927217,0,0.0,13.397958755493164,0.17918026447296143,45.63052749633789,0.062255967408418655
2025-05-21,-1.0583107,-1.0927217,0,0.0,13.397958755493164,0.17918026447296143,45.63052749633789,0.062255967408418655
2025-05-21,-0.82576525,-1.0927217,0,0.0,13.397958755493164,0.17918026447296143,45.63052749633789,0.062255967408418655
2025-05-21,-0.5932197,-1.0927217,0,0.0,13.397958755493164,0.17918026447296143,45.63052749633789,0.062255967408418655
2025-05-21,-0.3606795,-1.0927217,0,0.0,13.397958755493164,0.17918026447296143,45.63052749633789,0.062255967408418655
2025-05-21,-1.290851,-0.42341205,4,1.781717376859042,13.397958755493164,0.17918026447296143,45.63052749633789,0.062255967408418655
2025-05-21,-1.0583107,-0.42341205,4,0.8126020734269895,13.397958755493164,0.17918026447296143,45.63052749633789,0.062255967408418655
2025-05-21,-0.82576525,-0.42341205,0,0.13727317632623678,13.397958755493164,0.17918026447296143,45.63052749633789,0.062255967408418655
2025-05-21,-0.5932197,-0.42341205,0,0.06962775133980491,13.397958755493164,0.17918026447296143,45.63052749633789,0.062255967408418655
2025-05-21,-0.3606795,-0.42341205,0,0.10905576261606528,13.397958755493164,0.17918026447296143,45.63052749633789,0.062255967408418655
2025-05-21,-0.12813397,-0.42341205,0,0.6302208846098271,13.397958755493164,0.17918026447296143,45.63052749633789,0.062255967408418655
2025-05-21,0.104411565,-0.42341205,0,0.8155736191030059,13.397958755493164,0.17918026447296143,45.63052749633789,0.062255967408418655
2025-05-21,0.33695176,-0.42341205,0,0.7562118223192398,13.397958755493164,0.17918026447296143,45.63052749633789,0.062255967408418655
2025-05-21,0.5694973,-0.42341205,0,1.1692074175555367,13.397958755493164,0.17918026447296143,45.63052749633789,0.062255967408418655
2025-05-21,1.7322143,-0.42341205,0,0.0,13.397958755493164,0.17918026447296143,45.63052749633789,0.062255967408418655
2025-05-21,-1.290851,0.24583635,4,1.6529552422440688,13.397958755493164,0.17918026447296143,45.63052749633789,0.062255967408418655
2025-05-21,-1.0583107,0.24583635,15,22.159556545696113,13.397958755493164,0.17918026447296143,45.63052749633789,0.062255967408418655
2025-05-21,-0.82576525,0.24583635,5,3.5161897870231305,13.397958755493164,0.17918026447296143,45.63052749633789,0.062255967408418655
2025-05-21,-0.5932197,0.24583635,1,1.6920137991373523,13.397958755493164,0.17918026447296143,45.63052749633789,0.062255967408418655
2025-05-21,-0.3606795,0.24583635,0,1.2193128576445749,13.397958755493164,0.17918026447296143,45.63052749633789,0.062255967408418655
2025-05-21,-0.12813397,0.24583635,0,0.20529732259684835,13.397958755493164,0.17918026447296143,45.63052749633789,0.062255967408418655
2025-05-21,0.104411565,0.24583635,0,0.06599805339211638,13.397958755493164,0.17918026447296143,45.63052749633789,0.062255967408418655
2025-05-21,0.33695176,0.24583635,0,0.29670449481233524,13.397958755493164,0.17918026447296143,45.63052749633789,0.062255967408418655
2025-05-21,0.5694973,0.24583635,0,0.8305915087742751,13.397958755493164,0.17918026447296143,45.63052749633789,0.062255967408418655
2025-05-21,0.80204284,0.24583635,0,0.7993035160608367,13.397958755493164,0.17918026447296143,45.63052749633789,0.062255967408418655
2025-05-21,1.0345831,0.24583635,0,0.8588995434316261,13.397958755493164,0.17918026447296143,45.63052749633789,0.062255967408418655
2025-05-21,1.2671286,0.24583635,0,0.4053445898862007,13.397958755493164,0.17918026447296143,45.63052749633789,0.062255967408418655
2025-05-21,1.4996741,0.24583635,0,0.15411414966708253,13.397958755493164,0.17918026447296143,45.63052749633789,0.062255967408418655
2025-05-21,1.7322143,0.24583635,0,0.0,13.397958755493164,0.17918026447296143,45.63052749633789,0.062255967408418655
2025-05-21,-1.290851,0.91514605,2,0.1799551879039595,13.397958755493164,0.17918026447296143,45.63052749633789,0.062255967408418655
2025-05-21,-1.0583107,0.91514605,1,0.1406564182650797,13.397958755493164,0.17918026447296143,45.63052749633789,0.062255967408418655
2025-05-21,-0.82576525,0.91514605,0,0.0,13.397958755493164,0.17918026447296143,45.63052749633789,0.062255967408418655
2025-05-21,-0.5932197,0.91514605,0,0.0,13.397958755493164,0.17918026447296143,45.63052749633789,0.062255967408418655
2025-05-21,0.33695176,0.91514605,0,0.0,13.397958755493164,0.17918026447296143,45.63052749633789,0.062255967408418655
2025-05-21,0.5694973,0.91514605,0,0.0,13.397958755493164,0.17918026447296143,45.63052749633789,0.062255967408418655
2025-05-21,0.80204284,0.91514605,0,0.0,13.397958755493164,0.17918026447296143,45.63052749633789,0.062255967408418655
2025-05-21,1.0345831,0.91514605,0,0.0,13.397958755493164,0.17918026447296143,45.63052749633789,0.062255967408418655
2025-05-21,1.2671286,0.91514605,0,0.0,13.397958755493164,0.17918026447296143,45.63052749633789,0.062255967408418655
2025-05-21,1.4996741,0.91514605,0,0.0,13.397958755493164,0.17918026447296143,45.63052749633789,0.062255967408418655
2025-05-21,1.7322143,0.91514605,0,0.0,13.397958755493164,0.17918026447296143,45.63052749633789,0.062255967408418655
2025-05-21,0.80204284,1.5844557,0,0.0,13.397958755493164,0.17918026447296143,45.63052749633789,0.062255967408418655
2025-05-21,1.0345831,1.5844557,0,0.0,13.397958755493164,0.17918026447296143,45.63052749633789,0.062255967408418655
2025-05-21,1.2671286,1.5844557,0,0.0,13.397958755493164,0.17918026447296143,45.63052749633789,0.062255967408418655
2025-05-21,1.4996741,1.5844557,0,0.0,13.397958755493164,0.17918026447296143,45.63052749633789,0.062255967408418655
